#t		nrmu		nrmv
0.00000	2494684.25204	103287.26144
6.25000	4291143.20001	85407.55533
12.50000	6368504.87899	64853.25446
18.75000	5922183.70609	47282.72510
25.00000	5750510.59308	33679.69263
31.25000	5506401.83191	25927.84675
37.50000	5265857.90769	22962.86803
43.75000	5029493.27327	23743.41155
50.00000	4796295.01489	27384.82744
56.25000	4564532.01010	33134.40166
62.50000	4336556.40710	40345.04953
68.75000	4111449.41067	48505.99519
75.00000	3885172.48928	57207.35157
81.25000	3654651.98952	66086.58773
87.50000	3415146.11590	74825.29381
93.75000	3158598.10755	83133.72679
100.00000	2869223.17826	90721.76640
106.25000	2509319.32739	97232.76385
112.50000	1957734.17697	102018.05676
118.75000	816190.39287	102773.10412
125.00000	235420.66087	92769.59544
131.25000	402149.72931	76235.11341
137.50000	363556.44999	61866.20326
143.75000	326763.75975	49996.96228
150.00000	293253.65788	40230.97634
156.25000	262801.08282	32227.75530
162.50000	235175.81035	25697.35947
168.75000	210174.24622	20393.45004
175.00000	187586.44941	16107.25877
181.25000	167248.74220	12662.29617
187.50000	148971.91234	9909.78131
193.75000	132603.58511	7724.64691
200.00000	118010.95377	6002.09064
206.25000	105041.63622	4654.61601
212.50000	93582.01109	3609.45020
218.75000	83517.09639	2806.31947
225.00000	74729.19907	2195.56052
231.25000	67123.35627	1736.46275
237.50000	60595.41438	1395.85379
243.75000	55047.68545	1146.90471
250.00000	50397.14058	968.06279
256.25000	46536.45482	842.18560
262.50000	43398.74012	755.75659
268.75000	40879.71752	698.24982
275.00000	38910.23776	661.56381
281.25000	37406.45553	639.56132
287.50000	36294.80329	627.66198
293.75000	35504.87336	622.52205
300.00000	34981.09707	621.74172
306.25000	34658.40823	623.65866
312.50000	34538.07915	627.16131
318.75000	34515.45229	631.54236
325.00000	34561.35535	636.32611
331.25000	34673.35692	641.23274
337.50000	34814.88991	646.11974
343.75000	34988.35682	650.91698
350.00000	35178.22956	655.60836
356.25000	35370.77117	660.20141
362.50000	35579.67172	664.71339
368.75000	35784.97280	669.17315
375.00000	35994.29217	673.60296
381.25000	36212.13116	678.02726
387.50000	36422.04274	682.46849
393.75000	36641.73925	686.93948
400.00000	36860.46150	691.45510
406.25000	37073.09866	696.01786
412.50000	37289.92821	700.61310
418.75000	37474.89644	705.15858
425.00000	37681.82372	709.32310
431.25000	37903.39834	713.26424
437.50000	38116.31456	717.19006
443.75000	38340.33836	721.12481
450.00000	38564.28487	725.08567
456.25000	38786.40151	729.08058
462.50000	39020.74832	733.11581
468.75000	39249.23260	737.20011
475.00000	39483.82293	741.33415
481.25000	39725.75413	745.52297
487.50000	39961.42412	749.76974
493.75000	40209.14772	754.07307
500.00000	40456.65230	758.43767
506.25000	40703.25737	762.86235
512.50000	40962.29795	767.34682
518.75000	41215.68537	771.89456
525.00000	41476.17935	776.50254
531.25000	41743.98704	781.17353
537.50000	42006.34465	785.90908
543.75000	42281.48061	790.70720
550.00000	42556.30470	795.57271
556.25000	42831.41692	800.50456
562.50000	43119.28160	805.50344
568.75000	43401.85669	810.57363
575.00000	43692.88186	815.71317
581.25000	43993.31915	820.92761
587.50000	44310.48972	826.23151
593.75000	44650.71887	831.65240
600.00000	44979.63427	837.19889
606.25000	45306.42727	842.86416
612.50000	45647.45542	848.64744
618.75000	45985.41892	854.55487
625.00000	46334.14251	860.58761
631.25000	46691.33769	866.75309
637.50000	47045.58835	873.05624
643.75000	47414.69990	879.49840
650.00000	47783.94429	886.08678
656.25000	48155.68641	892.82134
662.50000	48540.32313	899.70337
668.75000	48919.83776	906.73564
675.00000	49308.02275	913.91275
681.25000	49701.17583	921.23234
687.50000	50086.40799	928.68245
693.75000	50473.77887	936.22446
700.00000	50840.62029	943.70238
706.25000	51230.64972	950.89242
712.50000	51632.67248	958.00462
718.75000	52027.82420	965.15312
725.00000	52431.93944	972.35368
731.25000	52841.40874	979.61809
737.50000	53246.70168	986.95232
743.75000	53665.21658	994.35816
750.00000	54081.65840	1001.84229
756.25000	54500.22152	1009.40386
762.50000	54930.13189	1017.04420
768.75000	55354.13709	1024.76593
775.00000	55787.44752	1032.56541
781.25000	56225.61242	1040.44485
787.50000	56659.57971	1048.40319
793.75000	57106.69687	1056.43722
800.00000	57551.17835	1064.54957
806.25000	57998.10869	1072.73617
812.50000	58455.87060	1080.99621
818.75000	58907.47046	1089.33060
825.00000	59368.76887	1097.73469
831.25000	59834.18963	1106.21035
837.50000	60295.87092	1114.75630
843.75000	60770.73914	1123.36997
850.00000	61242.86798	1132.05484
856.25000	61718.76105	1140.80881
862.50000	62214.99738	1149.63810
868.75000	62728.65198	1158.56936
875.00000	63245.49477	1167.61570
881.25000	63759.95564	1176.77753
887.50000	64271.01604	1186.05120
893.75000	64797.78481	1195.43638
900.00000	65323.94340	1204.94101
906.25000	65855.87519	1214.56748
912.50000	66400.22898	1224.32189
918.75000	66940.34305	1234.21104
925.00000	67492.79265	1244.23584
931.25000	68050.11778	1254.40305
937.50000	68605.52187	1264.71457
943.75000	69175.32300	1275.17026
950.00000	69741.80120	1285.77371
956.25000	70312.12163	1296.51930
962.50000	70890.87155	1307.40068
968.75000	71457.44420	1318.39994
975.00000	72017.21241	1329.43708
981.25000	72581.07775	1340.27165
987.50000	73156.00622	1350.90180
993.75000	73742.31453	1361.52909
1000.00000	74324.35296	1372.20336
1006.25000	74910.87634	1382.93400
1012.50000	75507.21837	1393.72965
1018.75000	76097.19447	1404.59700
1025.00000	76698.80648	1415.53608
1031.25000	77302.69008	1426.55261
1037.50000	77904.33975	1437.64694
1043.75000	78519.41964	1448.81854
1050.00000	79129.97033	1460.07137
1056.25000	79745.97009	1471.40198
1062.50000	80371.09557	1482.81150
1068.75000	80990.02870	1494.30071
1075.00000	81620.62562	1505.86548
1081.25000	82252.96766	1517.50824
1087.50000	82883.33346	1529.22672
1093.75000	83526.93927	1541.01863
1100.00000	84165.58262	1552.88652
1106.25000	84810.02281	1564.82597
1112.50000	85463.03119	1576.83772
1118.75000	86109.83933	1588.92225
1125.00000	86768.86076	1601.07550
1131.25000	87429.15265	1613.30095
1137.50000	88091.14872	1625.59885
1143.75000	88788.53095	1637.98271
1150.00000	89486.13961	1650.48157
1156.25000	90181.71565	1663.09507
1162.50000	90882.79806	1675.82072
1168.75000	91579.53921	1688.65865
1175.00000	92291.13481	1701.60867
1181.25000	93005.66502	1714.67907
1187.50000	93721.51209	1727.87320
1193.75000	94452.19714	1741.19533
1200.00000	95179.16066	1754.65344
1206.25000	95914.91732	1768.24802
1212.50000	96659.52065	1781.98454
1218.75000	97399.75719	1795.86606
1225.00000	98153.18574	1809.89053
1231.25000	98906.84979	1824.06055
1237.50000	99659.26338	1838.36979
1243.75000	100421.16335	1852.80585
1250.00000	101166.36538	1867.33385
1256.25000	101902.51734	1881.78767
1262.50000	102665.24684	1895.97331
1268.75000	103423.29239	1910.08473
1275.00000	104193.18481	1924.22750
1281.25000	104962.44874	1938.42509
1287.50000	105732.07785	1952.68446
1293.75000	106514.05369	1967.01118
1300.00000	107290.33106	1981.41244
1306.25000	108074.80658	1995.88731
1312.50000	108865.66731	2010.44010
1318.75000	109651.66167	2025.07208
1325.00000	110450.43854	2039.78097
1331.25000	111248.16061	2054.57033
1337.50000	112046.69912	2069.43754
1343.75000	112857.41055	2084.38174
1350.00000	113662.36644	2099.40513
1356.25000	114475.44659	2114.50331
1362.50000	115294.68814	2129.67795
1368.75000	116109.08254	2144.92837
1375.00000	116936.27765	2160.25098
1381.25000	117762.14246	2175.64857
1387.50000	118589.07427	2191.11776
1393.75000	119427.82108	2206.65801
1400.00000	120260.76721	2222.27125
1406.25000	121102.59379	2237.95393
1412.50000	121950.89619	2253.70928
1418.75000	122806.09549	2269.54359
1425.00000	123695.40101	2285.47955
1431.25000	124575.21717	2301.53467
1437.50000	125451.11666	2317.70312
1443.75000	126338.87289	2333.98187
1450.00000	127222.87668	2350.37482
1456.25000	128118.47170	2366.88275
1462.50000	129021.22353	2383.51314
1468.75000	129922.04226	2400.27088
1475.00000	130837.43068	2417.15834
1481.25000	131752.37614	2434.18319
1487.50000	132670.89957	2451.34641
1493.75000	133602.08899	2468.65097
1500.00000	134528.14398	2486.10102
1506.25000	135464.16854	2503.69304
1512.50000	136404.43592	2521.42752
1518.75000	137339.06315	2539.29659
1525.00000	138280.44258	2557.27722
1531.25000	139201.11258	2575.28816
1537.50000	140128.62830	2593.08110
1543.75000	141079.31694	2610.68617
1550.00000	142021.97595	2628.29788
1556.25000	142974.43630	2645.95449
1562.50000	143930.85274	2663.67112
1568.75000	144884.06141	2681.45440
1575.00000	145850.25230	2699.30751
1581.25000	146813.53053	2717.23715
1587.50000	147780.26498	2735.24278
1593.75000	148757.56878	2753.32629
1600.00000	149728.90204	2771.49044
1606.25000	150710.44946	2789.73208
1612.50000	151695.61966	2808.05397
1618.75000	152677.47327	2826.45485
1625.00000	153672.57991	2844.93200
1631.25000	154664.24308	2863.48791
1637.50000	155659.58990	2882.11866
1643.75000	156664.93958	2900.82401
1650.00000	157664.35976	2919.60492
1656.25000	158674.29970	2938.45716
1662.50000	159687.12143	2957.38298
1668.75000	160697.31247	2976.38074
1675.00000	161720.16556	2995.44808
1681.25000	162739.66549	3014.58799
1687.50000	163763.86725	3033.79740
1693.75000	164801.31758	3053.07985
1700.00000	165856.42648	3072.45325
1706.25000	166925.19159	3091.93906
1712.50000	167988.33013	3111.54240
1718.75000	169046.82539	3131.25801
1725.00000	170120.24474	3151.08362
1731.25000	171192.11438	3171.02588
1737.50000	172271.03770	3191.08623
1743.75000	173361.23421	3211.27102
1750.00000	174447.84911	3231.58656
1756.25000	175547.10747	3252.03426
1762.50000	176650.17060	3272.62127
1768.75000	177752.41358	3293.34943
1775.00000	178868.61307	3314.21974
1781.25000	179981.52993	3335.23597
1787.50000	181099.69766	3356.39380
1793.75000	182225.57154	3377.68987
1800.00000	183342.32138	3399.11281
1806.25000	184458.47563	3420.61729
1812.50000	185561.64727	3442.02993
1818.75000	186682.88973	3463.17684
1825.00000	187816.88222	3484.26172
1831.25000	188945.67204	3505.38397
1837.50000	190079.98135	3526.55873
1843.75000	191223.00160	3547.79643
1850.00000	192360.48545	3569.10410
1856.25000	193509.84311	3590.48301
1862.50000	194660.30182	3611.93936
1868.75000	195809.62781	3633.47349
1875.00000	196971.83291	3655.08522
1881.25000	198129.30203	3676.77815
1887.50000	199292.94993	3698.54876
1893.75000	200464.46072	3720.39849
1900.00000	201630.75275	3742.32743
1906.25000	202808.94198	3764.33191
1912.50000	203987.67417	3786.41450
1918.75000	205165.61155	3808.57250
1925.00000	206355.84421	3830.80402
1931.25000	207541.28850	3853.11111
1937.50000	208733.24346	3875.48946
1943.75000	209932.68877	3897.93992
1950.00000	211126.89733	3920.46272
1956.25000	212333.08191	3943.05426
1962.50000	213539.72316	3965.71812
1968.75000	214747.29432	3988.45305
1975.00000	215980.34694	4011.26599
1981.25000	217227.36479	4034.18585
1987.50000	218473.16509	4057.22131
1993.75000	219721.10345	4080.37085
2000.00000	220964.33787	4103.63235
2006.25000	222222.33578	4127.00478
2012.50000	223482.56745	4150.49599
2018.75000	224745.03343	4174.10911
2025.00000	226021.60499	4197.84866
2031.25000	227294.91038	4221.72209
2037.50000	228577.21582	4245.73010
2043.75000	229867.59805	4269.87834
2050.00000	231154.51645	4294.16981
2056.25000	232454.44157	4318.60345
2062.50000	233754.56106	4343.18255
2068.75000	235054.62174	4367.90228
2075.00000	236364.64411	4392.75421
2081.25000	237662.18527	4417.71812
2087.50000	238949.01039	4442.69534
2093.75000	240249.84849	4467.44024
2100.00000	241555.46638	4492.01656
2106.25000	242872.39636	4516.60192
2112.50000	244188.03230	4541.23650
2118.75000	245504.52137	4565.92948
2125.00000	246833.07486	4590.68800
2131.25000	248155.95813	4615.51940
2137.50000	249487.43553	4640.42370
2143.75000	250824.66579	4665.40551
2150.00000	252157.60819	4690.46624
2156.25000	253503.15383	4715.60423
2162.50000	254847.67601	4740.82319
2168.75000	256193.53806	4766.12058
2175.00000	257550.60603	4791.49604
2181.25000	258902.11846	4816.95124
2187.50000	260262.56077	4842.48173
2193.75000	261628.36879	4868.08912
2200.00000	262989.28795	4893.77253
2206.25000	264363.53548	4919.52824
2212.50000	265735.88265	4945.35915
2218.75000	267109.77154	4971.26192
2225.00000	268495.27402	4997.23587
2231.25000	269874.29814	5023.28270
2237.50000	271263.07854	5049.39838
2243.75000	272656.88439	5075.58570
2250.00000	274051.24146	5101.84722
2256.25000	275482.92201	5128.19848
2262.50000	276912.63341	5154.66637
2268.75000	278336.99426	5181.24922
2275.00000	279770.27353	5207.94317
2281.25000	281200.05239	5234.75020
2287.50000	282641.39876	5261.67007
2293.75000	284089.83807	5288.71044
2300.00000	285536.17148	5315.87599
2306.25000	286997.85479	5343.16939
2312.50000	288458.57649	5370.59879
2318.75000	289923.54135	5398.16528
2325.00000	291400.73227	5425.87257
2331.25000	292872.65545	5453.72501
2337.50000	294355.56584	5481.71962
2343.75000	295842.31980	5509.85807
2350.00000	297324.53927	5538.13448
2356.25000	298816.07949	5566.53334
2362.50000	300291.13800	5595.01110
2368.75000	301757.57970	5623.37336
2375.00000	303254.04245	5651.47601
2381.25000	304743.43257	5679.53347
2387.50000	306242.53245	5707.62695
2393.75000	307745.16351	5735.77609
2400.00000	309244.59258	5763.98898
2406.25000	310757.39408	5792.26929
2412.50000	312266.96625	5820.62471
2418.75000	313780.22905	5849.05499
2425.00000	315303.97234	5877.56290
2431.25000	316821.29081	5906.15118
2437.50000	318349.71231	5934.81669
2443.75000	319881.04183	5963.56254
2450.00000	321409.26842	5992.38723
2456.25000	322951.19603	6021.28839
2462.50000	324488.60801	6050.26878
2468.75000	326031.01842	6079.32441
2475.00000	327583.11457	6108.45543
2481.25000	329128.29487	6137.66266
2487.50000	330685.10909	6166.94155
2493.75000	332244.21872	6196.29454
2500.00000	333800.80340	6225.71946
2506.25000	335370.49611	6255.21413
2512.50000	336935.78648	6284.78133
2518.75000	338506.51587	6314.41787
2525.00000	340087.95082	6344.12595
2531.25000	341678.25305	6373.91589
2537.50000	343296.76252	6403.81069
2543.75000	344908.45084	6433.82396
2550.00000	346513.62944	6463.95046
2556.25000	348132.66442	6494.18636
2562.50000	349749.16916	6524.53728
2568.75000	351374.41529	6555.00390
2575.00000	353010.31756	6585.59314
2581.25000	354641.62056	6616.31148
2587.50000	356287.37781	6647.16002
2593.75000	357935.62189	6678.14641
2600.00000	359583.93253	6709.27255
2606.25000	361246.40687	6740.53989
2612.50000	362904.72517	6771.95317
2618.75000	364569.88842	6803.50853
2625.00000	366242.61495	6835.20500
2631.25000	367907.50754	6867.03484
2637.50000	369576.64592	6898.96986
2643.75000	371227.56660	6930.90700
2650.00000	372888.11980	6962.59774
2656.25000	374569.55650	6994.13693
2662.50000	376244.16999	7025.69461
2668.75000	377925.50763	7057.29924
2675.00000	379614.46638	7088.96414
2681.25000	381297.74034	7120.69694
2687.50000	382994.04779	7152.49918
2693.75000	384689.91477	7184.37797
2700.00000	386385.80676	7216.33312
2706.25000	388094.16880	7248.36546
2712.50000	389797.29740	7280.47845
2718.75000	391507.92232	7312.66894
2725.00000	393225.47168	7344.93871
2731.25000	394937.71869	7377.28791
2737.50000	396662.36638	7409.71298
2743.75000	398386.89144	7442.21657
2750.00000	400111.32888	7474.79558
2756.25000	401848.07162	7507.44849
2762.50000	403579.34885	7540.17727
2768.75000	405317.86698	7572.97755
2775.00000	407063.64946	7605.85085
2781.25000	408803.79589	7638.79671
2787.50000	410556.79720	7671.81178
2793.75000	412308.94791	7704.89929
2800.00000	414062.13416	7738.05717
2806.25000	415833.09811	7771.28842
2812.50000	417622.88211	7804.61531
2818.75000	419419.05738	7838.05599
2825.00000	421214.16900	7871.61300
2831.25000	423002.74220	7905.28240
2837.50000	424806.61122	7939.06174
2843.75000	426611.17671	7972.95795
2850.00000	428419.41265	8006.97357
2856.25000	430241.72571	8041.11336
2862.50000	432059.66162	8075.38495
2868.75000	433887.90513	8109.78919
2875.00000	435724.03616	8144.33227
2881.25000	437556.34471	8179.01774
2887.50000	439402.70815	8213.84476
2893.75000	441247.84791	8248.81770
2900.00000	443094.75856	8283.93221
2906.25000	444952.32342	8319.18279
2912.50000	446799.05749	8354.55742
2918.75000	448640.74886	8389.99957
2925.00000	450478.40158	8425.30655
2931.25000	452330.42800	8460.36413
2937.50000	454194.50928	8495.38585
2943.75000	456055.04301	8530.44931
2950.00000	457918.43465	8565.56702
2956.25000	459793.08851	8600.74795
2962.50000	461661.37771	8636.00016
2968.75000	463539.62599	8671.32378
2975.00000	465422.98210	8706.72449
2981.25000	467301.61194	8742.20360
2987.50000	469194.00073	8777.76003
2993.75000	471083.61777	8813.39763
3000.00000	472976.06277	8849.11325
3006.25000	474879.42916	8884.90712
3012.50000	476776.37585	8920.78062
3018.75000	478683.76540	8956.72950
3025.00000	480594.69722	8992.75590
3031.25000	482502.44995	9028.85817
3037.50000	484422.97910	9065.03344
3043.75000	486340.35450	9101.28441
3050.00000	488261.14383	9137.60686
3056.25000	490192.42353	9174.00082
3062.50000	492117.07876	9210.46746
3068.75000	494052.63098	9247.00262
3075.00000	495991.83179	9283.60945
3081.25000	497928.96258	9320.28866
3087.50000	499897.26978	9357.04784
3093.75000	501875.10029	9393.91764
3100.00000	503848.87850	9430.90319
3106.25000	505827.98700	9468.00139
3112.50000	507802.11937	9505.21183
3118.75000	509789.72977	9542.53336
