#t		nrmu		nrmv
0.00000	2243362.89976	92845.51664
6.25000	3860663.35037	76772.40629
12.50000	5729759.61095	58296.48584
18.75000	5329538.00886	42510.57891
25.00000	5175087.43042	30298.01253
31.25000	4955496.88776	23345.06250
37.50000	4739026.37421	20694.66452
43.75000	4526260.40315	21410.31537
50.00000	4316280.93905	24696.26691
56.25000	4107496.74022	29875.12625
62.50000	3902194.77163	36363.91449
68.75000	3699579.76527	43704.00024
75.00000	3495925.87925	51528.34342
81.25000	3288464.43951	59511.52983
87.50000	3072925.14557	67367.47646
93.75000	2842055.73624	74835.71723
100.00000	2581649.66998	81655.31955
106.25000	2257776.57401	87505.34703
112.50000	1761425.36741	91801.82021
118.75000	734990.70591	92470.37981
125.00000	213242.41824	83464.91452
131.25000	362969.04258	68592.54924
137.50000	328243.43871	55668.65518
143.75000	295148.04108	44992.81618
150.00000	265012.27402	36208.61366
156.25000	237632.52012	29009.89330
162.50000	212800.12047	23135.93185
168.75000	190331.34434	18365.19562
175.00000	170035.85691	14509.92793
181.25000	151766.62973	11411.39380
187.50000	135351.88052	8935.77356
193.75000	120654.21673	6970.57139
200.00000	107554.31898	5421.51490
206.25000	95913.85753	4209.89583
212.50000	85630.87688	3270.24792
218.75000	76601.81038	2548.34634
225.00000	68720.25549	1999.51049
231.25000	61901.16512	1587.11263
237.50000	56050.60247	1281.30586
243.75000	51080.63619	1057.95054
250.00000	46917.12392	897.65323
256.25000	43462.77421	784.98910
262.50000	40658.54155	707.79544
268.75000	38409.79644	656.60094
275.00000	36655.07816	624.11586
281.25000	35318.80955	604.81848
287.50000	34334.94098	594.58807
293.75000	33640.16212	590.41736
300.00000	33184.94794	590.14833
306.25000	32910.62272	592.28761
312.50000	32822.59970	595.83923
318.75000	32820.92999	600.17194
325.00000	32879.79695	604.85855
331.25000	32998.78586	609.64884
337.50000	33144.24308	614.41704
343.75000	33319.10675	619.10216
350.00000	33509.10762	623.69207
356.25000	33701.49737	628.19561
362.50000	33909.43747	632.62998
368.75000	34114.09301	637.02297
375.00000	34322.73006	641.39583
381.25000	34539.64017	645.77176
387.50000	34749.21424	650.17193
393.75000	34968.23238	654.60832
400.00000	35186.44984	659.09472
406.25000	35398.92761	663.63287
412.50000	35615.15682	668.20751
418.75000	35800.00911	672.73560
425.00000	36006.73828	676.88563
431.25000	36227.89510	680.81462
437.50000	36440.91476	684.73022
443.75000	36664.62459	688.65653
450.00000	36888.42313	692.61026
456.25000	37110.64965	696.59922
462.50000	37344.63894	700.62956
468.75000	37573.23020	704.70967
475.00000	37807.77977	708.84030
481.25000	38049.45621	713.02627
487.50000	38285.35769	717.27059
493.75000	38532.86233	721.57198
500.00000	38780.32701	725.93489
506.25000	39027.10725	730.35817
512.50000	39285.85442	734.84153
518.75000	39539.41468	739.38825
525.00000	39799.89755	743.99546
531.25000	40067.49948	748.66579
537.50000	40330.12064	753.40074
543.75000	40605.05337	758.19844
550.00000	40879.87510	763.06353
556.25000	41155.17030	767.99505
562.50000	41442.75723	772.99371
568.75000	41725.52859	778.06361
575.00000	42016.53845	783.20300
581.25000	42316.78982	788.41729
587.50000	42634.23094	793.72102
593.75000	42974.25303	799.14186
600.00000	43303.18612	804.68822
606.25000	43630.15541	810.35341
612.50000	43970.91030	816.13667
618.75000	44309.08286	822.04399
625.00000	44657.77890	828.07672
631.25000	45014.80149	834.24217
637.50000	45369.32320	840.54524
643.75000	45738.21971	846.98744
650.00000	46107.49768	853.57576
656.25000	46479.40564	860.31029
662.50000	46863.77159	867.19235
668.75000	47243.50510	874.22455
675.00000	47631.64850	881.40169
681.25000	48024.64118	888.72127
687.50000	48410.14276	896.17134
693.75000	48797.29015	903.71340
700.00000	49164.18001	911.19127
706.25000	49554.36356	918.38131
712.50000	49956.11817	925.49355
718.75000	50351.49743	932.64199
725.00000	50755.55673	939.84258
731.25000	51164.87789	947.10700
737.50000	51570.43753	954.44118
743.75000	51988.72087	961.84707
750.00000	52405.22562	969.33116
756.25000	52823.93053	976.89273
762.50000	53253.57601	984.53311
768.75000	53677.81661	992.25478
775.00000	54111.05679	1000.05431
781.25000	54549.08616	1007.93374
787.50000	54983.31658	1015.89205
793.75000	55430.19473	1023.92613
800.00000	55874.75339	1032.03844
806.25000	56321.81274	1040.22505
812.50000	56779.31374	1048.48512
818.75000	57231.15614	1056.81946
825.00000	57692.37019	1065.22358
831.25000	58157.66841	1073.69924
837.50000	58619.60846	1082.24516
843.75000	59094.23090	1090.85888
850.00000	59566.45095	1099.54370
856.25000	60042.45986	1108.29768
862.50000	60538.44000	1117.12700
868.75000	61052.34358	1126.05821
875.00000	61569.08813	1135.10459
881.25000	62083.43980	1144.26642
887.50000	62594.75385	1153.54005
893.75000	63121.27078	1162.92529
900.00000	63647.53432	1172.42987
906.25000	64179.56844	1182.05635
912.50000	64723.67153	1191.81079
918.75000	65264.04029	1201.69989
925.00000	65816.37806	1211.72474
931.25000	66373.60762	1221.89193
937.50000	66929.25953	1232.20342
943.75000	67498.80349	1242.65917
950.00000	68065.40009	1253.26257
956.25000	68635.80904	1264.00817
962.50000	69214.31446	1274.88958
968.75000	69781.14676	1285.88879
975.00000	70340.78988	1296.92598
981.25000	70904.57358	1307.76053
987.50000	71479.74330	1318.39065
993.75000	72065.78986	1329.01800
1000.00000	72647.95979	1339.69223
1006.25000	73234.55762	1350.42288
1012.50000	73830.66205	1361.21856
1018.75000	74420.90203	1372.08585
1025.00000	75022.37605	1383.02498
1031.25000	75626.19218	1394.04149
1037.50000	76228.07581	1405.13580
1043.75000	76842.89013	1416.30745
1050.00000	77453.58504	1427.56023
1056.25000	78069.64499	1438.89087
1062.50000	78694.54047	1450.30040
1068.75000	79313.74092	1461.78957
1075.00000	79944.18734	1473.35439
1081.25000	80576.47627	1484.99712
1087.50000	81207.06808	1496.71558
1093.75000	81850.40528	1508.50754
1100.00000	82489.20515	1520.37538
1106.25000	83133.69106	1532.31485
1112.50000	83786.47772	1544.32662
1118.75000	84433.55586	1556.41110
1125.00000	85092.41471	1568.56440
1131.25000	85752.66801	1580.78983
1137.50000	86414.88149	1593.08771
1143.75000	87111.99284	1605.47162
1150.00000	87809.76986	1617.97043
1156.25000	88505.37705	1630.58396
1162.50000	89206.24664	1643.30962
1168.75000	89903.25967	1656.14750
1175.00000	90614.68112	1669.09757
1181.25000	91329.18736	1682.16795
1187.50000	92045.24259	1695.36206
1193.75000	92775.65527	1708.68424
1200.00000	93502.79851	1722.14230
1206.25000	94238.57165	1735.73690
1212.50000	94982.97170	1749.47344
1218.75000	95723.48120	1763.35491
1225.00000	96476.72452	1777.37944
1231.25000	97230.37930	1791.54942
1237.50000	97982.99121	1805.85865
1243.75000	98744.61811	1820.29476
1250.00000	99490.01070	1834.82270
1256.25000	100226.16441	1849.27656
1262.50000	100988.70075	1863.46221
1268.75000	101747.01957	1877.57358
1275.00000	102516.71620	1891.71640
1281.25000	103285.98560	1905.91397
1287.50000	104055.80260	1920.17332
1293.75000	104837.50548	1934.50009
1300.00000	105613.98369	1948.90129
1306.25000	106398.44623	1963.37620
1312.50000	107189.12449	1977.92900
1318.75000	107975.39161	1992.56093
1325.00000	108773.96273	2007.26988
1331.25000	109571.70497	2022.05920
1337.50000	110370.42041	2036.92641
1343.75000	111180.85976	2051.87064
1350.00000	111986.02619	2066.89398
1356.25000	112799.07868	2081.99220
1362.50000	113618.14897	2097.16685
1368.75000	114432.81484	2112.41722
1375.00000	115259.79481	2127.73988
1381.25000	116085.69446	2143.13744
1387.50000	116912.79170	2158.60663
1393.75000	117751.26813	2174.14691
1400.00000	118584.43389	2189.76011
1406.25000	119426.21819	2205.44283
1412.50000	120274.36104	2221.19818
1418.75000	121129.82974	2237.03244
1425.00000	122018.91137	2252.96846
1431.25000	122898.77692	2269.02353
1437.50000	123774.82987	2285.19199
1443.75000	124662.31819	2301.47077
1450.00000	125546.55006	2317.86368
1456.25000	126442.08832	2334.37165
1462.50000	127344.69278	2351.00203
1468.75000	128245.77804	2367.75973
1475.00000	129160.93446	2384.64725
1481.25000	130075.94373	2401.67206
1487.50000	130994.60821	2418.83528
1493.75000	131925.53297	2436.13988
1500.00000	132851.82381	2453.58987
1506.25000	133787.77730	2471.18193
1512.50000	134727.90991	2488.91641
1518.75000	135662.80004	2506.78545
1525.00000	136603.94004	2524.76613
1531.25000	137524.68806	2542.77703
1537.50000	138452.33202	2560.56998
1543.75000	139402.76001	2578.17508
1550.00000	140345.66198	2595.78673
1556.25000	141298.03714	2613.44338
1562.50000	142254.33181	2631.16001
1568.75000	143207.79898	2648.94325
1575.00000	144173.74370	2666.79642
1581.25000	145137.11396	2684.72602
1587.50000	146103.96346	2702.73165
1593.75000	147081.01138	2720.81519
1600.00000	148052.59398	2738.97929
1606.25000	149034.04235	2757.22097
1612.50000	150019.10414	2775.54286
1618.75000	151001.21108	2793.94371
1625.00000	151996.06555	2812.42091
1631.25000	152987.83448	2830.97677
1637.50000	153983.28281	2849.60753
1643.75000	154988.38213	2868.31292
1650.00000	155988.05733	2887.09377
1656.25000	156997.88464	2905.94606
1662.50000	158010.61162	2924.87187
1668.75000	159021.05010	2943.86959
1675.00000	160043.64574	2962.93699
1681.25000	161063.26485	2982.07685
1687.50000	162087.55430	3001.28628
1693.75000	163124.76052	3020.56875
1700.00000	164180.12935	3039.94210
1706.25000	165248.76859	3059.42796
1712.50000	166311.82632	3079.03128
1718.75000	167370.56242	3098.74687
1725.00000	168443.71976	3118.57253
1731.25000	169515.72167	3138.51474
1737.50000	170594.71861	3158.57511
1743.75000	171684.67796	3178.75992
1750.00000	172771.55696	3199.07541
1756.25000	173870.67657	3219.52316
1762.50000	174973.67308	3240.11015
1768.75000	176076.14957	3260.83829
1775.00000	177192.08329	3281.70865
1781.25000	178305.14511	3302.72483
1787.50000	179423.37217	3323.88269
1793.75000	180549.01653	3345.17877
1800.00000	181666.03386	3366.60166
1806.25000	182782.03688	3388.10619
1812.50000	183885.15628	3409.51881
1818.75000	185006.62426	3430.66570
1825.00000	186140.34798	3451.75063
1831.25000	187269.29503	3472.87283
1837.50000	188403.64920	3494.04761
1843.75000	189546.44824	3515.28533
1850.00000	190684.20222	3536.59295
1856.25000	191833.39661	3557.97192
1862.50000	192983.81759	3579.42824
1868.75000	194133.36046	3600.96236
1875.00000	195295.29456	3622.57413
1881.25000	196452.93274	3644.26701
1887.50000	197616.61091	3666.03765
1893.75000	198787.90944	3687.88739
1900.00000	199954.47343	3709.81628
1906.25000	201132.48783	3731.82081
1912.50000	202311.19693	3753.90338
1918.75000	203489.34190	3776.06136
1925.00000	204679.30213	3798.29293
1931.25000	205864.92680	3820.59997
1937.50000	207056.89736	3842.97834
1943.75000	208256.13997	3865.42882
1950.00000	209450.62154	3887.95157
1956.25000	210656.62024	3910.54316
1962.50000	211863.25310	3933.20699
1968.75000	213071.02198	3955.94192
1975.00000	214303.80151	3978.75490
1981.25000	215551.01055	4001.67470
1987.50000	216796.81172	4024.71020
1993.75000	218044.55755	4047.85975
2000.00000	219288.06522	4071.12120
2006.25000	220545.86674	4094.49368
2012.50000	221806.10475	4117.98487
2018.75000	223068.75799	4141.59797
2025.00000	224345.05662	4165.33757
2031.25000	225618.56344	4189.21094
2037.50000	226900.85503	4213.21899
2043.75000	228191.05543	4237.36723
2050.00000	229478.24655	4261.65867
2056.25000	230777.96533	4286.09235
2062.50000	232078.10587	4310.67143
2068.75000	233378.34280	4335.39115
2075.00000	234688.09318	4360.24312
2081.25000	235985.84544	4385.20698
2087.50000	237272.64203	4410.18423
2093.75000	238573.30955	4434.92913
2100.00000	239879.19881	4459.50541
2106.25000	241195.91312	4484.09083
2112.50000	242511.58476	4508.72537
2118.75000	243828.23857	4533.41834
2125.00000	245156.52180	4558.17691
2131.25000	246479.62521	4583.00825
2137.50000	247811.05947	4607.91259
2143.75000	249148.13090	4632.89440
2150.00000	250481.34255	4657.95509
2156.25000	251826.66380	4683.09313
2162.50000	253171.23622	4708.31206
2168.75000	254517.25102	4733.60945
2175.00000	255874.05124	4758.98495
2181.25000	257225.79222	4784.44009
2187.50000	258586.17692	4809.97063
2193.75000	259951.83831	4835.57801
2200.00000	261313.02380	4861.26138
2206.25000	262687.03889	4887.01715
2212.50000	264059.45070	4912.84802
2218.75000	265433.47991	4938.75079
2225.00000	266818.71793	4964.72477
2231.25000	268197.97835	4990.77155
2237.50000	269586.68683	5016.88728
2243.75000	270980.35868	5043.07459
2250.00000	272374.97840	5069.33607
2256.25000	273806.41910	5095.68739
2262.50000	275236.20937	5122.15523
2268.75000	276660.69768	5148.73809
2275.00000	278093.71656	5175.43208
2281.25000	279523.73877	5202.23905
2287.50000	280964.99912	5229.15896
2293.75000	282413.31745	5256.19933
2300.00000	283859.90907	5283.36485
2306.25000	285321.34585	5310.65830
2312.50000	286782.16039	5338.08766
2318.75000	288247.23951	5365.65415
2325.00000	289724.17485	5393.36148
2331.25000	291196.34774	5421.21386
2337.50000	292679.15826	5449.20852
2343.75000	294165.80461	5477.34696
2350.00000	295648.27708	5505.62333
2356.25000	297139.56479	5534.02225
2362.50000	298614.72987	5562.49996
2368.75000	300081.27228	5590.86223
2375.00000	301577.48501	5618.96491
2381.25000	303067.13045	5647.02233
2387.50000	304566.11692	5675.11585
2393.75000	306068.65405	5703.26498
2400.00000	307568.33019	5731.47783
2406.25000	309080.87394	5759.75820
2412.50000	310590.56608	5788.11357
2418.75000	312103.91575	5816.54387
2425.00000	313627.41531	5845.05181
2431.25000	315144.99398	5873.64003
2437.50000	316673.28884	5902.30559
2443.75000	318204.53839	5931.05142
2450.00000	319733.00540	5959.87609
2456.25000	321274.67077	5988.77730
2462.50000	322812.21577	6017.75764
2468.75000	324354.69896	6046.81329
2475.00000	325906.55838	6075.94433
2481.25000	327452.00300	6105.15151
2487.50000	329008.67773	6134.43045
2493.75000	330567.72157	6163.78342
2500.00000	332124.53931	6193.20832
2506.25000	333693.96606	6222.70304
2512.50000	335259.40212	6252.27019
2518.75000	336830.18999	6281.90675
2525.00000	338411.39589	6311.61485
2531.25000	340001.96580	6341.40474
2537.50000	341620.32332	6371.29959
2543.75000	343231.96024	6401.31284
2550.00000	344837.36387	6431.43932
2556.25000	346456.12992	6461.67527
2562.50000	348072.79261	6492.02614
2568.75000	349698.08275	6522.49278
2575.00000	351333.76431	6553.08204
2581.25000	352965.33757	6583.80033
2587.50000	354610.93085	6614.64893
2593.75000	356259.13807	6645.63529
2600.00000	357907.66505	6676.76142
2606.25000	359569.86829	6708.02880
2612.50000	361228.35633	6739.44203
2618.75000	362893.54899	6770.99742
2625.00000	364566.06380	6802.69390
2631.25000	366231.22844	6834.52370
2637.50000	367900.19133	6866.45876
2643.75000	369551.08978	6898.39588
2650.00000	371211.85001	6930.08661
2656.25000	372893.01421	6961.62584
2662.50000	374567.80874	6993.18347
2668.75000	376249.16110	7024.78813
2675.00000	377937.91775	7056.45304
2681.25000	379621.46475	7088.18580
2687.50000	381317.58568	7119.98809
2693.75000	383013.44514	7151.86684
2700.00000	384709.53424	7183.82199
2706.25000	386417.62319	7215.85437
2712.50000	388120.94360	7247.96731
2718.75000	389831.56852	7280.15782
2725.00000	391548.92596	7312.42761
2731.25000	393261.44622	7344.77676
2737.50000	394985.89691	7377.20189
2743.75000	396710.42918	7409.70544
2750.00000	398435.05325	7442.28444
2756.25000	400171.52308	7474.93740
2762.50000	401903.00233	7507.66612
2768.75000	403641.50573	7540.46644
2775.00000	405387.10705	7573.33974
2781.25000	407127.52614	7606.28557
2787.50000	408880.32054	7639.30069
2793.75000	410632.49317	7672.38816
2800.00000	412385.85500	7705.54604
2806.25000	414156.54705	7738.77733
2812.50000	415946.54269	7772.10417
2818.75000	417742.68856	7805.54488
2825.00000	419537.63028	7839.10189
2831.25000	421326.47476	7872.77125
2837.50000	423130.12757	7906.55065
2843.75000	424934.72962	7940.44682
2850.00000	426743.12960	7974.46244
2856.25000	428565.17254	8008.60227
2862.50000	430383.32910	8042.87380
2868.75000	432211.52862	8077.27808
2875.00000	434047.50152	8111.82117
2881.25000	435880.07917	8146.50660
2887.50000	437726.21771	8181.33367
2893.75000	439571.40859	8216.30657
2900.00000	441418.47126	8251.42108
2906.25000	443275.76854	8286.67169
2912.50000	445122.73164	8322.04627
2918.75000	446964.36455	8357.48846
2925.00000	448801.87137	8392.79544
2931.25000	450654.16393	8427.85299
2937.50000	452518.01230	8462.87476
2943.75000	454378.61153	8497.93818
2950.00000	456242.14273	8533.05589
2956.25000	458116.53235	8568.23686
2962.50000	459985.05829	8603.48901
2968.75000	461863.23381	8638.81268
2975.00000	463746.45667	8674.21338
2981.25000	465625.34893	8709.69246
2987.50000	467517.49746	8745.24894
2993.75000	469407.19420	8780.88650
3000.00000	471299.76589	8816.60212
3006.25000	473202.87215	8852.39603
3012.50000	475100.06260	8888.26948
3018.75000	477007.36530	8924.21840
3025.00000	478918.17692	8960.24479
3031.25000	480826.18757	8996.34703
3037.50000	482746.46981	9032.52235
3043.75000	484663.93887	9068.77328
3050.00000	486584.84167	9105.09574
3056.25000	488515.86610	9141.48973
3062.50000	490440.77138	9177.95631
3068.75000	492376.22293	9214.49152
3075.00000	494315.31693	9251.09834
3081.25000	496252.70039	9287.77751
3087.50000	498220.75476	9324.53675
3093.75000	500198.69263	9361.40651
3100.00000	502172.57073	9398.39206
3106.25000	504151.42957	9435.49030
3112.50000	506125.81758	9472.70069
3118.75000	508113.31376	9510.02225
