N,calculated_pi,error,time
10, 3.13959999999998506937,0.00199265358980804663,5.17e-07
60, 3.13740000000001106883,0.00419265358978204716,1.05e-06
110, 3.14141818181817678024,0.00017447177161633576,1.849e-06
160, 3.13657499999999567208,0.00501765358979744391,2.511e-06
210, 3.13719999999999821227,0.00439265358979490372,3.281e-06
260, 3.13819999999999144080,0.00339265358980167520,3.941e-06
310, 3.14141935483868062207,0.00017329875111249393,5.093e-06
360, 3.14159999999999728360,-0.00000734641020416760,5.061e-06
410, 3.14247804878045489119,-0.00088539519066177519,6.013e-06
460, 3.14193913043479922109,-0.00034647684500610509,6.601e-06
510, 3.14198431372545883278,-0.00039166013566571678,7.423e-06
560, 3.14195000000000090878,-0.00035734641020779279,8.017e-06
610, 3.14167868852459530871,-0.00008603493480219271,8.828e-06
660, 3.14191515151511735482,-0.00032249792532423882,9.32e-06
710, 3.14227042253521116066,-0.00067776894541804467,9.839e-06
760, 3.14287894736841844079,-0.00128629377862532479,1.1024e-05
810, 3.14300740740741124668,-0.00141475381761813068,1.1343e-05
860, 3.14268372093023895530,-0.00109106734044583931,1.2026e-05
910, 3.14266373626373374250,-0.00107108267394062651,1.2662e-05
960, 3.14300833333333518027,-0.00141567974354206427,1.3502e-05
1010, 3.14289504950495857116,-0.00130239591516545516,1.4051e-05
1060, 3.14317735849056445474,-0.00158470490077133874,1.5128e-05
1110, 3.14303063063062548821,-0.00143797704083237221,1.5356e-05
1160, 3.14296551724136596917,-0.00137286365157285317,1.6365e-05
1210, 3.14274049586776360599,-0.00114784227797048999,1.8063e-05
1260, 3.14201904761905126406,-0.00042639402925814807,2.0932e-05
1310, 3.14187480916030503764,-0.00028215557051192164,3.7457e-05
1360, 3.14192941176470474929,-0.00033675817491163329,2.0552e-05
1410, 3.14177588652481842857,-0.00018323293502531257,1.9085e-05
1460, 3.14178904109588419402,-0.00019638750609107802,1.9887e-05
1510, 3.14143841059602690891,0.00015424299376620709,2.0956e-05
1560, 3.14170769230769808544,-0.00011503871790496945,2.0013e-05
1610, 3.14227826086956563145,-0.00068560727977251545,2.2687e-05
1660, 3.14247228915662768500,-0.00087963556683456900,2.2599e-05
1710, 3.14248421052631377037,-0.00089155693652065438,2.6826e-05
1760, 3.14275909090909744137,-0.00116643731930432537,2.4383e-05
1810, 3.14264309392265239751,-0.00105044033285928151,2.3585e-05
1860, 3.14270322580641314758,-0.00111057221662003158,2.5244e-05
1910, 3.14268691099476260575,-0.00109425740496948976,2.5397e-05
1960, 3.14255102040816014508,-0.00095836681836702908,2.4074e-05
2010, 3.14232835820895628487,-0.00073570461916316887,2.379e-05
2060, 3.14253592233009682033,-0.00094326874030370433,2.4997e-05
2110, 3.14252890995260614204,-0.00093625636281302604,2.8202e-05
2160, 3.14252407407407030604,-0.00093142048427719004,2.7956e-05
2210, 3.14260271493212339777,-0.00101006134233028178,3.11e-05
2260, 3.14256637168140073868,-0.00097371809160762268,3.0343e-05
2310, 3.14249870129870023661,-0.00090604770890712061,3.2256e-05
2360, 3.14241016949152252025,-0.00081751590172940425,3.2385e-05
2410, 3.14238008298755522318,-0.00078742939776210719,3.6e-05
2460, 3.14233495934955753270,-0.00074230575976441671,3.3669e-05
2510, 3.14237928286852197246,-0.00078662927872885646,3.3592e-05
2560, 3.14231406249999478675,-0.00072140891020167075,3.362e-05
2610, 3.14243831417624308600,-0.00084566058644997000,3.6604e-05
2660, 3.14236240601503924452,-0.00076975242524612852,3.5718e-05
2710, 3.14183321033210249951,-0.00024055674230938351,3.7063e-05
2760, 3.14182608695652909603,-0.00023343336673598003,3.8317e-05
2810, 3.14211387900355854086,-0.00052122541376542486,3.8308e-05
2860, 3.14180699300699428633,-0.00021433941720117033,3.5769e-05
2910, 3.14196426116838045672,-0.00037160757858734073,3.8649e-05
2960, 3.14198648648648770632,-0.00039383289669459032,4.0189e-05
3010, 3.14187375415283387525,-0.00028110056304075925,4.0305e-05
3060, 3.14194379084968211657,-0.00035113725988900057,5.855e-05
3110, 3.14189196141478843671,-0.00029930782499532071,4.7218e-05
3160, 3.14201898734177209604,-0.00042633375197898005,4.9206e-05
3210, 3.14205233644859216469,-0.00045968285879904869,4.2443e-05
3260, 3.14211288343557582081,-0.00052022984578270481,4.2597e-05
3310, 3.14198912386707318589,-0.00039647027728006989,4.487e-05
3360, 3.14201666666666890038,-0.00042401307687578438,4.5031e-05
3410, 3.14208680351902680528,-0.00049414992923368928,4.1855e-05
3460, 3.14215838150288817587,-0.00056572791309505988,4.6767e-05
3510, 3.14209800569800457026,-0.00050535210821145427,4.4524e-05
3560, 3.14228314606741632176,-0.00069049247762320576,4.7259e-05
3610, 3.14221828254847945772,-0.00062562895868634172,4.9087e-05
3660, 3.14219125683060918064,-0.00059860324081606464,4.7133e-05
3710, 3.14191482479784278681,-0.00032217120804967081,4.9704e-05
3760, 3.14186914893616853206,-0.00027649534637541606,4.7633e-05
3810, 3.14185301837270625214,-0.00026036478291313614,5.0317e-05
3860, 3.14198963730570257624,-0.00039698371590946024,5.0868e-05
3910, 3.14196010230179112455,-0.00036744871199800855,5.0331e-05
3960, 3.14202828282829349504,-0.00043562923850037905,5.2106e-05
4010, 3.14205187032419130944,-0.00045921673439819344,5.1459e-05
4060, 3.14212512315270720009,-0.00053246956291408409,5.0191e-05
4110, 3.14206909975669468338,-0.00047644616690156738,5.4771e-05
4160, 3.14214903846153958966,-0.00055638487174647366,5.6993e-05
4210, 3.14203135391923860098,-0.00043870032944548498,5.704e-05
4260, 3.14197840375587489348,-0.00038575016608177748,5.3161e-05
4310, 3.14205939675173828718,-0.00046674316194517118,5.4764e-05
4360, 3.14204036697247790499,-0.00044771338268478900,5.2824e-05
4410, 3.14202176870749116944,-0.00042911511769805344,5.9228e-05
4460, 3.14201165919282354722,-0.00041900560303043122,6.0065e-05
4510, 3.14204789356981173398,-0.00045523998001861798,6.1453e-05
4560, 3.14198333333333224004,-0.00039067974353912405,5.9906e-05
4610, 3.14214837310195260756,-0.00055571951215949156,5.9847e-05
4660, 3.14213991416309257332,-0.00054726057329945732,6.1374e-05
4710, 3.14207643312101980726,-0.00048377953122669126,5.9184e-05
4760, 3.14222352941176552577,-0.00063087582197240977,6.284e-05
4810, 3.14225031185030889702,-0.00065765826051578102,6.3556e-05
4860, 3.14229958847736501326,-0.00070693488757189726,6.5175e-05
4910, 3.14239429735234088170,-0.00080164376254776570,6.657e-05
4960, 3.14252258064517109304,-0.00092992705537797704,6.6806e-05
5010, 3.14253892215568830792,-0.00094626856589519193,7.1032e-05
5060, 3.14259683794466493367,-0.00100418435487181767,6.5905e-05
5110, 3.14278825831701968951,-0.00119560472722657352,6.3076e-05
5160, 3.14275116279069832714,-0.00115850920090521115,6.701e-05
5210, 3.14273781190019585452,-0.00114515831040273852,6.2656e-05
5260, 3.14253384030418114747,-0.00094118671438803148,6.4048e-05
5310, 3.14262071563088385417,-0.00102806204109073818,7.0296e-05
5360, 3.14253134328359928773,-0.00093868969380617173,6.5695e-05
5410, 3.14249833641404885398,-0.00090568282425573798,6.7259e-05
5460, 3.14255824175824560740,-0.00096558816845249140,7.9657e-05
5510, 3.14252486388384166816,-0.00093221029404855216,7.3367e-05
5560, 3.14252733812949625047,-0.00093468453970313448,7.3838e-05
5610, 3.14250980392153467236,-0.00091715033174155636,7.4992e-05
5660, 3.14250388692579996075,-0.00091123333600684475,7.6622e-05
5710, 3.14262697022766834820,-0.00103431663787523220,7.6221e-05
5760, 3.14259166666666889256,-0.00099901307687577656,7.7448e-05
5810, 3.14253012048192470473,-0.00093746689213158874,8.4082e-05
5860, 3.14248873720136279175,-0.00089608361156967575,7.1758e-05
5910, 3.14246768189509895208,-0.00087502830530583608,7.6735e-05
5960, 3.14245771812080221252,-0.00086506453100909653,8.3513e-05
6010, 3.14240199667221453694,-0.00080934308242142095,0.000127302
6060, 3.14244488448845160633,-0.00085223089865849033,8.0118e-05
6110, 3.14251980360066118791,-0.00092715001086807192,7.5592e-05
6160, 3.14254675324675103454,-0.00095409965695791854,7.7927e-05
6210, 3.14257455716585942795,-0.00098190357606631196,8.5349e-05
6260, 3.14252843450479391052,-0.00093578091500079452,8.161e-05
6310, 3.14252931854199601958,-0.00093666495220290358,8.6074e-05
6360, 3.14252704402515847804,-0.00093439043536536204,8.0751e-05
6410, 3.14255039001560199097,-0.00095773642580887497,8.338e-05
6460, 3.14259380804953458721,-0.00100115445974147121,8.3718e-05
6510, 3.14257880184331472861,-0.00098614825352161262,8.3887e-05
6560, 3.14252621951220323382,-0.00093356592241011782,9.3066e-05
6610, 3.14254099848714130161,-0.00094834489734818561,8.8922e-05
6660, 3.14227807807807746343,-0.00068542448828434743,8.7799e-05
6710, 3.14229746646795105036,-0.00070481287815793436,9.6408e-05
6760, 3.14224023668639107498,-0.00064758309659795898,8.9449e-05
6810, 3.14222672540381964268,-0.00063407181402652668,9.0602e-05
6860, 3.14220058309037897359,-0.00060792950058585760,8.7682e-05
6910, 3.14222228654124746683,-0.00062963295145435083,8.6417e-05
6960, 3.14222988505747480303,-0.00063723146768168704,9.308e-05
7010, 3.14215977175463345716,-0.00056711816484034117,9.1107e-05
7060, 3.14220509915014289959,-0.00061244556034978359,9.0891e-05
7110, 3.14220815752461257730,-0.00061550393481946131,9.9447e-05
7160, 3.14217374301675445025,-0.00058108942696133425,8.9893e-05
7210, 3.14223744798890525232,-0.00064479439911213632,8.7055e-05
7260, 3.14227052341597579144,-0.00067786982618267544,9.5198e-05
7310, 3.14229822161422500670,-0.00070556802443189071,9.1795e-05
7360, 3.14212391304347571364,-0.00053125945368259764,9.7369e-05
7410, 3.14208690958165393070,-0.00049425599186081470,9.6173e-05
7460, 3.14213136729222730636,-0.00053871370243419037,9.3656e-05
7510, 3.14212996005326905546,-0.00053730646347593947,0.00010351
7560, 3.14210687830688195632,-0.00051422471708884032,9.9013e-05
7610, 3.14208304862024023763,-0.00049039503044712163,9.9901e-05
7660, 3.14204177545691853979,-0.00044912186712542379,9.956e-05
7710, 3.14203891050583949962,-0.00044625691604638362,0.000114008
7760, 3.14202113402062188641,-0.00042848043082877041,0.000103975
7810, 3.14199129321382386593,-0.00039863962403074993,0.000101254
7860, 3.14195012722645916625,-0.00035747363666605025,9.4509e-05
7910, 3.14193173198482478270,-0.00033907839503166670,0.00010409
7960, 3.14191557788944431096,-0.00032292429965119496,0.000102053
8010, 3.14190012484393799141,-0.00030747125414487542,0.000104967
8060, 3.14186997518610722224,-0.00027732159631410624,0.000107759
8110, 3.14188705302096282779,-0.00029439943116971179,0.000113481
8160, 3.14186764705884069571,-0.00027499346904757971,0.000107215
8210, 3.14190207064555426797,-0.00030941705576115197,0.000100225
8260, 3.14197481840193626468,-0.00038216481214314868,0.000108622
8310, 3.14197785800240492193,-0.00038520441261180594,0.000107897
8360, 3.14197799043061998248,-0.00038533684082686648,0.000106526
8410, 3.14197859690844172320,-0.00038594331864860720,0.000106871
8460, 3.14199479905437462079,-0.00040214546458150480,0.000110916
8510, 3.14195487661574279770,-0.00036222302594968170,0.000107148
8560, 3.14185467289719744244,-0.00026201930740432644,0.000111514
8610, 3.14185969802555131736,-0.00026704443575820136,0.000111039
8660, 3.14180831408775729230,-0.00021566049796417630,0.000113178
8710, 3.14183788748564785109,-0.00024523389585473510,0.000109856
8760, 3.14183926940639457470,-0.00024661581660145870,0.000112861
8810, 3.14188876276958284350,-0.00029610917978972751,0.000114347
8860, 3.14187765237020322218,-0.00028499878041010618,0.000109574
8910, 3.14187699214366089606,-0.00028433855386778006,0.000113972
8960, 3.14185312499999458424,-0.00026047141020146825,0.000164919
9010, 3.14174517203107406260,-0.00015251844128094660,0.000119036
9060, 3.14170286975717072409,-0.00011021616737760809,0.000113135
9110, 3.14173216245887543252,-0.00013950886908231652,0.000119048
9160, 3.14178689956334311617,-0.00019424597355000017,0.000117382
9210, 3.14173593919653004747,-0.00014328560673693147,0.000117132
9260, 3.14180431965443140996,-0.00021166606463829396,0.000115991
9310, 3.14177959183673394250,-0.00018693824694082650,0.000131374
9360, 3.14181709401709108320,-0.00022444042729796720,0.000125982
9410, 3.14183506907545107012,-0.00024241548565795412,0.000143663
9460, 3.14185369978858330953,-0.00026104619879019353,0.00012963
9510, 3.14183890641430441093,-0.00024625282451129493,0.000125648
9560, 3.14184225941422434758,-0.00024960582443123158,0.00012819
9610, 3.14193007284079151020,-0.00033741925099839420,0.000120056
9660, 3.14189606625258965877,-0.00030341266279654278,0.000117583
9710, 3.14192420185375542729,-0.00033154826396231130,0.000120397
9760, 3.14195819672130838285,-0.00036554313151526685,0.000121449
9810, 3.14197798165137331949,-0.00038532806158020350,0.000126357
9860, 3.14202068965517389287,-0.00042803606538077688,0.000175421
9910, 3.14201130171543585590,-0.00041864812564273990,0.00012566
9960, 3.14200240963855659260,-0.00040975604876347660,0.000125761
