N,calculated_pi,error,time
1,3.124000,1.654368,0.000000
2,3.130000,1.165862,0.000000
3,3.133333,0.930986,0.000000
4,3.142000,0.799898,0.000000
5,3.148800,0.731458,0.000000
6,3.150000,0.675782,0.000000
7,3.126857,0.624893,0.000000
8,3.129500,0.588325,0.000000
9,3.131111,0.558575,0.000000
10,3.138400,0.530712,0.000000
11,3.140000,0.505938,0.000000
12,3.140000,0.484610,0.000000
13,3.140615,0.465639,0.000001
14,3.140857,0.446570,0.000001
15,3.140800,0.430378,0.000001
16,3.141250,0.415465,0.000001
17,3.138824,0.407034,0.000001
18,3.138222,0.399713,0.000001
19,3.139579,0.383801,0.000001
20,3.139800,0.373121,0.000001
21,3.139810,0.366974,0.000001
22,3.139091,0.354847,0.000001
23,3.140696,0.349022,0.000001
24,3.141000,0.338965,0.000001
25,3.140800,0.332366,0.000001
26,3.139231,0.325093,0.000001
27,3.139259,0.317817,0.000001
28,3.136429,0.311425,0.000001
29,3.137103,0.305433,0.000001
30,3.137600,0.300337,0.000001
31,3.137161,0.298458,0.000001
32,3.135625,0.293738,0.000001
33,3.135758,0.293008,0.000001
34,3.135529,0.287780,0.000001
35,3.135200,0.283710,0.000001
36,3.135556,0.278810,0.000001
37,3.136108,0.272456,0.000001
38,3.136000,0.267864,0.000001
39,3.136718,0.266022,0.000001
40,3.136700,0.261203,0.000001
41,3.137073,0.255958,0.000001
42,3.138000,0.252261,0.000001
43,3.140279,0.250363,0.000001
44,3.140182,0.246873,0.000001
45,3.139644,0.242529,0.000002
46,3.138870,0.240330,0.000001
47,3.138894,0.237706,0.000001
48,3.139083,0.236208,0.000001
49,3.138531,0.235162,0.000001
50,3.138400,0.234315,0.000001
51,3.138588,0.231129,0.000001
52,3.138462,0.231507,0.000001
53,3.138189,0.228537,0.000001
54,3.138148,0.223453,0.000001
55,3.137382,0.221825,0.000002
56,3.137429,0.220801,0.000001
57,3.137263,0.219138,0.000001
58,3.137517,0.215890,0.000001
59,3.137424,0.213942,0.000001
60,3.137333,0.213567,0.000001
61,3.137246,0.212552,0.000001
62,3.137032,0.210738,0.000001
63,3.137206,0.208858,0.000001
64,3.137250,0.207632,0.000001
65,3.137046,0.205652,0.000001
66,3.138061,0.204415,0.000001
67,3.138149,0.201957,0.000001
68,3.138176,0.199884,0.000001
69,3.138551,0.197877,0.000002
70,3.138571,0.195994,0.000002
71,3.138592,0.195670,0.000002
72,3.138889,0.194161,0.000002
73,3.139397,0.191131,0.000002
74,3.139459,0.190092,0.000002
75,3.139573,0.188718,0.000002
76,3.139684,0.188400,0.000002
77,3.139532,0.188246,0.000002
78,3.139487,0.186354,0.000002
79,3.139848,0.186278,0.000002
80,3.139800,0.185038,0.000002
81,3.139605,0.183805,0.000002
82,3.139561,0.182105,0.000002
83,3.139036,0.180434,0.000002
84,3.139095,0.179894,0.000002
85,3.139435,0.178034,0.000002
86,3.139535,0.177050,0.000002
87,3.139494,0.174987,0.000002
88,3.139818,0.175926,0.000002
89,3.139955,0.174581,0.000002
90,3.139822,0.172890,0.000002
91,3.141670,0.172369,0.000002
92,3.141565,0.171088,0.000002
93,3.141462,0.169582,0.000002
94,3.141660,0.169059,0.000002
95,3.141600,0.168017,0.000002
96,3.142000,0.166216,0.000002
97,3.141732,0.165391,0.000002
98,3.141837,0.164345,0.000002
99,3.141980,0.163096,0.000002
100,3.141960,0.163128,0.000002
101,3.142733,0.162663,0.000002
102,3.142745,0.161516,0.000002
103,3.142680,0.160445,0.000002
104,3.142577,0.159918,0.000002
105,3.142362,0.158882,0.000002
106,3.142151,0.157941,0.000002
107,3.142056,0.157079,0.000002
108,3.141593,0.156863,0.000002
109,3.141541,0.156386,0.000002
110,3.141491,0.154920,0.000002
111,3.141586,0.153916,0.000002
112,3.141750,0.153572,0.000002
113,3.141664,0.153060,0.000002
114,3.141860,0.152517,0.000002
115,3.141565,0.151971,0.000002
116,3.141621,0.151683,0.000002
117,3.141744,0.151431,0.000002
118,3.141763,0.150108,0.000002
119,3.141815,0.150298,0.000002
120,3.141867,0.149839,0.000002
121,3.141851,0.149059,0.000002
122,3.141934,0.148209,0.000002
123,3.141626,0.147461,0.000002
124,3.141645,0.146674,0.000002
125,3.141696,0.145578,0.000002
126,3.141746,0.145727,0.000002
127,3.141732,0.144825,0.000002
128,3.141844,0.144172,0.000002
129,3.141829,0.143506,0.000002
130,3.141938,0.142957,0.000002
131,3.141679,0.142245,0.000003
132,3.141727,0.141411,0.000003
133,3.141564,0.140017,0.000003
134,3.141672,0.138777,0.000002
135,3.141659,0.137955,0.000003
136,3.141529,0.136860,0.000003
137,3.141664,0.135920,0.000003
138,3.141652,0.135568,0.000003
139,3.141813,0.135320,0.000003
140,3.141943,0.134307,0.000003
141,3.141844,0.134084,0.000003
142,3.141775,0.133144,0.000003
143,3.141678,0.132659,0.000003
144,3.141611,0.132044,0.000003
145,3.141683,0.131662,0.000003
146,3.141726,0.131690,0.000003
147,3.141687,0.130952,0.000003
148,3.142000,0.130280,0.000003
149,3.142174,0.130035,0.000003
150,3.142347,0.130128,0.000003
151,3.142702,0.129403,0.000003
152,3.142763,0.128857,0.000003
153,3.136471,0.128752,0.000003
154,3.136468,0.128802,0.000003
155,3.136594,0.128913,0.000003
156,3.136667,0.128737,0.000003
157,3.136611,0.128872,0.000003
158,3.136709,0.128430,0.000003
159,3.136629,0.128534,0.000003
160,3.136750,0.127844,0.000003
161,3.136820,0.127175,0.000003
162,3.136889,0.126656,0.000003
163,3.137055,0.126117,0.000003
164,3.137146,0.125973,0.000003
165,3.137042,0.125780,0.000003
166,3.136916,0.125066,0.000003
167,3.136910,0.124152,0.000003
168,3.137000,0.124250,0.000003
169,3.137136,0.123716,0.000003
170,3.137200,0.123511,0.000003
171,3.137778,0.123621,0.000003
172,3.137814,0.122928,0.000003
173,3.137827,0.122556,0.000003
174,3.137954,0.122671,0.000003
175,3.138080,0.122796,0.000003
176,3.138227,0.122262,0.000003
177,3.138260,0.122064,0.000003
178,3.138157,0.121468,0.000003
179,3.138212,0.121130,0.000003
180,3.138422,0.120843,0.000003
181,3.138343,0.120172,0.000003
182,3.138396,0.119579,0.000003
183,3.138492,0.119158,0.000003
184,3.138457,0.118321,0.000003
185,3.138292,0.117447,0.000003
186,3.138258,0.117377,0.000003
187,3.138353,0.116830,0.000003
188,3.138404,0.116047,0.000003
189,3.138392,0.115677,0.000005
190,3.138042,0.115237,0.000003
191,3.138094,0.114686,0.000003
192,3.138063,0.114201,0.000003
193,3.138093,0.113792,0.000003
194,3.138062,0.113587,0.000003
195,3.138195,0.113338,0.000003
196,3.138224,0.113004,0.000003
197,3.137848,0.112463,0.000004
198,3.137859,0.112217,0.000003
199,3.137869,0.111993,0.000004
200,3.137800,0.111692,0.000004
201,3.137373,0.111669,0.000004
202,3.137327,0.110990,0.000004
203,3.137281,0.110657,0.000003
204,3.137176,0.110406,0.000004
205,3.137171,0.109802,0.000004
206,3.137165,0.109770,0.000004
207,3.137275,0.109766,0.000004
208,3.137231,0.109326,0.000004
209,3.137129,0.109125,0.000004
210,3.137238,0.109025,0.000004
211,3.137251,0.108549,0.000004
212,3.137245,0.108171,0.000004
213,3.137315,0.107676,0.000004
214,3.137271,0.107390,0.000004
215,3.137377,0.106926,0.000004
216,3.137426,0.106742,0.000004
217,3.137382,0.106284,0.000004
218,3.137248,0.105901,0.000004
219,3.137333,0.105425,0.000004
220,3.137400,0.105197,0.000004
221,3.137303,0.104848,0.000004
222,3.137405,0.104415,0.000004
223,3.137399,0.104324,0.000004
224,3.137411,0.104104,0.000004
225,3.137493,0.104080,0.000004
226,3.137540,0.103766,0.000004
227,3.137410,0.103636,0.000004
228,3.137509,0.103387,0.000004
229,3.137520,0.103313,0.000004
230,3.137409,0.102950,0.000004
231,3.137455,0.102589,0.000004
232,3.137431,0.102841,0.000004
233,3.137631,0.102459,0.000004
234,3.137658,0.102030,0.000004
235,3.137719,0.101688,0.000004
236,3.137780,0.101566,0.000004
237,3.137705,0.101308,0.000004
238,3.137697,0.100998,0.000004
239,3.137305,0.100780,0.000004
240,3.137383,0.100283,0.000004
241,3.137494,0.099833,0.000004
242,3.137504,0.099451,0.000004
243,3.137679,0.099178,0.000004
244,3.137754,0.099522,0.000004
245,3.137682,0.099542,0.000004
246,3.137691,0.099621,0.000004
247,3.138089,0.099555,0.000004
248,3.138210,0.099456,0.000004
249,3.138281,0.099376,0.000004
250,3.138288,0.098840,0.000004
251,3.138327,0.098811,0.000004
252,3.138365,0.098878,0.000004
253,3.138324,0.098721,0.000004
254,3.138299,0.098782,0.000004
255,3.138243,0.098230,0.000004
256,3.138266,0.098201,0.000004
257,3.138241,0.097855,0.000005
258,3.138419,0.097860,0.000005
259,3.138456,0.097894,0.000005
260,3.138277,0.097556,0.000005
261,3.138207,0.097217,0.000005
262,3.138260,0.096968,0.000005
263,3.138281,0.096676,0.000005
264,3.138318,0.096601,0.000005
265,3.138355,0.096172,0.000005
266,3.138346,0.095524,0.000005
267,3.138367,0.095538,0.000005
268,3.138463,0.095336,0.000005
269,3.138528,0.095446,0.000005
270,3.138504,0.095348,0.000005
271,3.138480,0.095398,0.000005
272,3.138485,0.095287,0.000005
273,3.138579,0.095113,0.000005
274,3.138642,0.094989,0.000005
275,3.138662,0.095219,0.000005
276,3.138986,0.094965,0.000005
277,3.138903,0.094835,0.000005
278,3.138835,0.094608,0.000005
279,3.138796,0.094491,0.000005
280,3.138771,0.094332,0.000005
281,3.138776,0.093794,0.000005
282,3.138780,0.093297,0.000005
283,3.138813,0.093396,0.000005
284,3.138845,0.093526,0.000005
285,3.138877,0.093616,0.000005
286,3.138853,0.093052,0.000005
287,3.138899,0.092779,0.000005
288,3.138958,0.092489,0.000005
289,3.139045,0.092257,0.000005
290,3.141669,0.091859,0.000005
291,3.141512,0.091769,0.000005
292,3.141452,0.091695,0.000005
293,3.141406,0.091509,0.000005
294,3.141456,0.090982,0.000005
295,3.141451,0.090672,0.000005
296,3.141459,0.091010,0.000005
297,3.141455,0.090750,0.000005
298,3.141356,0.090793,0.000005
299,3.141405,0.090733,0.000005
300,3.141413,0.090836,0.000005
301,3.141475,0.090234,0.000005
302,3.141563,0.090088,0.000005
303,3.141584,0.089952,0.000005
304,3.141618,0.089851,0.000005
305,3.141534,0.089811,0.000005
306,3.141569,0.089751,0.000005
307,3.141459,0.089451,0.000005
308,3.141506,0.089176,0.000005
309,3.141553,0.089390,0.000005
310,3.141471,0.089265,0.000005
311,3.141453,0.089163,0.000005
312,3.141500,0.088974,0.000005
313,3.141419,0.088950,0.000005
314,3.141299,0.088931,0.000005
315,3.141219,0.088771,0.000005
316,3.141215,0.088572,0.000005
317,3.141274,0.088520,0.000005
318,3.141208,0.088326,0.000006
319,3.141166,0.088108,0.000006
320,3.141125,0.088133,0.000005
321,3.141034,0.088000,0.000005
322,3.141031,0.087776,0.000005
323,3.141077,0.087775,0.000005
324,3.141148,0.087500,0.000006
325,3.141231,0.087316,0.000005
326,3.141239,0.087284,0.000005
327,3.141248,0.087393,0.000006
328,3.141256,0.087336,0.000006
329,3.141179,0.087151,0.000006
330,3.141273,0.086927,0.000006
331,3.141245,0.086589,0.000006
332,3.141289,0.086441,0.000006
333,3.141321,0.086493,0.000006
334,3.141293,0.086433,0.000006
335,3.141301,0.086426,0.000006
336,3.141310,0.086461,0.000006
337,3.141270,0.086397,0.000006
338,3.141231,0.086346,0.000006
339,3.141121,0.086158,0.000006
340,3.141059,0.085900,0.000006
341,3.141079,0.086018,0.000006
342,3.140971,0.086014,0.000006
343,3.140991,0.085688,0.000006
344,3.141035,0.085890,0.000006
345,3.141078,0.085707,0.000006
346,3.141098,0.085399,0.000006
347,3.141084,0.085564,0.000006
348,3.141126,0.085627,0.000006
349,3.141100,0.085627,0.000006
350,3.141109,0.085578,0.000006
351,3.141037,0.085408,0.000006
352,3.141148,0.085210,0.000006
353,3.141167,0.085031,0.000006
354,3.141740,0.084621,0.000006
355,3.141758,0.084631,0.000006
356,3.141719,0.084124,0.000006
357,3.141725,0.084140,0.000006
358,3.141676,0.084247,0.000006
359,3.141671,0.084075,0.000006
360,3.141667,0.083869,0.000006
361,3.141573,0.083529,0.000006
362,3.142044,0.083012,0.000006
363,3.142072,0.083030,0.000006
364,3.142022,0.082949,0.000006
365,3.142016,0.082861,0.000006
366,3.141923,0.082619,0.000006
367,3.141886,0.082665,0.000006
368,3.141913,0.082114,0.000006
369,3.142005,0.082060,0.000006
370,3.141946,0.082206,0.000006
371,3.141962,0.082037,0.000006
372,3.141871,0.081875,0.000006
373,3.141920,0.081807,0.000006
374,3.141818,0.081373,0.000006
375,3.141803,0.081203,0.000006
376,3.141766,0.081209,0.000006
377,3.141772,0.081276,0.000006
378,3.141968,0.081260,0.000006
379,3.141900,0.081068,0.000007
380,3.141895,0.081008,0.000007
381,3.141900,0.080847,0.000007
382,3.142094,0.080735,0.000007
383,3.142099,0.080623,0.000007
384,3.142094,0.080635,0.000007
385,3.142047,0.080318,0.000007
386,3.142073,0.080206,0.000007
387,3.142119,0.079997,0.000007
388,3.142113,0.079911,0.000007
389,3.142139,0.079650,0.000007
390,3.142174,0.079300,0.000007
391,3.142159,0.079293,0.000007
392,3.142143,0.078936,0.000007
393,3.142097,0.078862,0.000007
394,3.142112,0.078806,0.000007
395,3.142147,0.078615,0.000007
396,3.142101,0.078478,0.000007
397,3.142065,0.078409,0.000007
398,3.142101,0.078547,0.000007
399,3.142105,0.078444,0.000007
400,3.142130,0.078367,0.000007
401,3.142035,0.078137,0.000007
402,3.141990,0.078160,0.000007
403,3.141965,0.078056,0.000007
404,3.142139,0.077781,0.000007
405,3.142133,0.077863,0.000007
406,3.142148,0.077764,0.000007
407,3.142133,0.077649,0.000007
408,3.142157,0.077509,0.000007
409,3.142504,0.077214,0.000007
410,3.142498,0.077013,0.000007
411,3.142443,0.076967,0.000007
412,3.142388,0.076686,0.000007
413,3.142363,0.076647,0.000007
414,3.142473,0.076652,0.000007
415,3.142458,0.076771,0.000007
416,3.142481,0.076619,0.000007
417,3.142417,0.076192,0.000007
418,3.142344,0.075870,0.000007
419,3.142301,0.075776,0.000007
420,3.142248,0.075686,0.000007
421,3.142309,0.075645,0.000007
422,3.142332,0.075644,0.000007
423,3.142128,0.075520,0.000007
424,3.142104,0.075394,0.000007
425,3.142099,0.075208,0.000007
426,3.142056,0.075222,0.000007
427,3.142005,0.075051,0.000007
428,3.142000,0.075155,0.000007
429,3.141958,0.074874,0.000007
430,3.141907,0.074737,0.000007
431,3.141893,0.074433,0.000007
432,3.141907,0.074179,0.000007
433,3.141977,0.073943,0.000007
434,3.141917,0.073862,0.000007
435,3.141903,0.073866,0.000007
436,3.141945,0.073673,0.000007
437,3.141986,0.073316,0.000007
438,3.142046,0.073300,0.000007
439,3.142023,0.073269,0.000007
440,3.142000,0.073071,0.000007
441,3.142005,0.072946,0.000007
442,3.141910,0.072802,0.000007
443,3.141923,0.072850,0.000007
444,3.141910,0.072681,0.000007
445,3.141942,0.072544,0.000007
446,3.141910,0.072494,0.000007
447,3.141888,0.072350,0.000007
448,3.141920,0.072457,0.000007
449,3.141933,0.072457,0.000007
450,3.141902,0.072576,0.000007
451,3.141880,0.072302,0.000007
452,3.141867,0.072046,0.000007
453,3.141890,0.072068,0.000008
454,3.141868,0.072034,0.000007
455,3.141899,0.072121,0.000007
456,3.141921,0.072270,0.000008
457,3.141926,0.072152,0.000008
458,3.141886,0.072117,0.000008
459,3.141926,0.072035,0.000008
460,3.141939,0.071966,0.000008
461,3.141961,0.071890,0.000008
462,3.142009,0.072034,0.000008
463,3.142013,0.072005,0.000008
464,3.142017,0.071877,0.000008
465,3.142039,0.071919,0.000008
466,3.142026,0.071876,0.000008
467,3.142030,0.072002,0.000008
468,3.142060,0.071968,0.000008
469,3.142098,0.071953,0.000008
470,3.142136,0.071719,0.000008
471,3.142200,0.071722,0.000008
472,3.142169,0.071684,0.000008
473,3.142173,0.071578,0.000008
474,3.142101,0.071549,0.000008
475,3.142072,0.071626,0.000008
476,3.142118,0.071626,0.000008
477,3.142038,0.071387,0.000008
478,3.142008,0.071544,0.000008
479,3.142021,0.071331,0.000008
480,3.141983,0.071258,0.000008
481,3.141805,0.071113,0.000008
482,3.141793,0.071117,0.000008
483,3.141805,0.071075,0.000008
484,3.141711,0.070969,0.000008
485,3.141724,0.070833,0.000008
486,3.141745,0.070881,0.000008
487,3.141700,0.070987,0.000008
488,3.141697,0.070911,0.000008
489,3.141677,0.070808,0.000008
490,3.141673,0.070958,0.000008
491,3.141809,0.071092,0.000008
492,3.141837,0.070981,0.000008
493,3.141842,0.070930,0.000008
494,3.141854,0.070991,0.000008
495,3.141818,0.070753,0.000008
496,3.141855,0.070638,0.000008
497,3.141843,0.070567,0.000008
498,3.141880,0.070600,0.000008
499,3.141892,0.070582,0.000008
500,3.141912,0.070663,0.000008
501,3.141924,0.070660,0.000008
502,3.141904,0.070593,0.000008
503,3.141885,0.070407,0.000008
504,3.141865,0.070309,0.000008
505,3.141830,0.070106,0.000008
506,3.141810,0.070281,0.000008
507,3.141846,0.070110,0.000008
508,3.141906,0.070251,0.000008
509,3.141965,0.070164,0.000008
510,3.142031,0.069979,0.000009
511,3.141918,0.069832,0.000009
512,3.141906,0.069770,0.000009
513,3.141949,0.069674,0.000009
514,3.141969,0.069495,0.000009
515,3.142019,0.069610,0.000009
516,3.142000,0.069504,0.000009
517,3.141888,0.069399,0.000009
518,3.141907,0.069219,0.000009
519,3.141873,0.069321,0.000009
520,3.141862,0.069261,0.000009
521,3.141873,0.069315,0.000009
522,3.141893,0.069287,0.000009
523,3.141904,0.069243,0.000009
524,3.141901,0.069120,0.000009
525,3.141920,0.069211,0.000009
526,3.142008,0.069151,0.000009
527,3.141791,0.068922,0.000009
528,3.141780,0.068947,0.000009
529,3.141754,0.069018,0.000009
530,3.141766,0.068942,0.000009
531,3.141755,0.068943,0.000009
532,3.141805,0.068886,0.000009
533,3.141681,0.068825,0.000009
534,3.141693,0.068714,0.000009
535,3.141779,0.068602,0.000009
536,3.141761,0.068473,0.000009
537,3.141780,0.068320,0.000009
538,3.141784,0.068189,0.000009
539,3.141781,0.068065,0.000009
540,3.141815,0.068001,0.000009
541,3.141804,0.068092,0.000009
542,3.141838,0.067969,0.000009
543,3.141856,0.068077,0.000009
544,3.141860,0.067962,0.000009
545,3.141857,0.067924,0.000009
546,3.141868,0.067885,0.000009
547,3.141887,0.067829,0.000009
548,3.141927,0.067629,0.000009
549,3.141902,0.067461,0.000009
550,3.141927,0.067451,0.000009
551,3.141967,0.067638,0.000009
552,3.141993,0.067478,0.000009
553,3.141946,0.067397,0.000009
554,3.141899,0.067338,0.000009
555,3.141903,0.067485,0.000009
556,3.141928,0.067444,0.000009
557,3.142025,0.067509,0.000009
558,3.141986,0.067393,0.000016
559,3.141961,0.067172,0.000009
560,3.141993,0.067170,0.000009
561,3.142018,0.067156,0.000009
562,3.142520,0.066900,0.000009
563,3.142359,0.066880,0.000009
564,3.142355,0.066889,0.000009
565,3.142329,0.066669,0.000009
566,3.142396,0.066807,0.000009
567,3.142384,0.066634,0.000009
568,3.142366,0.066478,0.000009
569,3.142376,0.066524,0.000009
570,3.142365,0.066582,0.000009
571,3.142347,0.066485,0.000009
572,3.142350,0.066421,0.000009
573,3.142346,0.066528,0.000010
574,3.142293,0.066553,0.000010
575,3.142282,0.066502,0.000010
576,3.142250,0.066587,0.000010
577,3.142225,0.066513,0.000010
578,3.142187,0.066541,0.000010
579,3.142135,0.066572,0.000010
580,3.142138,0.066562,0.000010
581,3.142134,0.066526,0.000010
582,3.142151,0.066323,0.000009
583,3.142182,0.066300,0.000009
584,3.142192,0.066096,0.000010
585,3.142188,0.066107,0.000009
586,3.142164,0.066075,0.000010
587,3.142147,0.066041,0.000010
588,3.142136,0.065973,0.000010
589,3.142160,0.065950,0.000010
590,3.142054,0.066093,0.000010
591,3.142051,0.066120,0.000010
592,3.142203,0.066048,0.000010
593,3.142192,0.065902,0.000010
594,3.142215,0.065795,0.000010
595,3.142192,0.065755,0.000010
596,3.142174,0.065685,0.000010
597,3.142097,0.065881,0.000010
598,3.142114,0.065878,0.000010
599,3.141856,0.065833,0.000010
600,3.141900,0.065717,0.000010
601,3.141864,0.065746,0.000010
602,3.141867,0.065634,0.000010
603,3.141891,0.065596,0.000010
604,3.141868,0.065519,0.000010
605,3.141745,0.065487,0.000010
606,3.141749,0.065404,0.000010
607,3.141687,0.065392,0.000010
608,3.141737,0.065388,0.000010
609,3.141701,0.065411,0.000010
610,3.141705,0.065302,0.000010
611,3.141709,0.065279,0.000010
612,3.141739,0.065196,0.000010
613,3.141716,0.064992,0.000010
614,3.141733,0.064883,0.000010
615,3.141763,0.064825,0.000010
616,3.141779,0.064622,0.000010
617,3.141796,0.064495,0.000010
618,3.141799,0.064318,0.000010
619,3.141777,0.064287,0.000010
620,3.141774,0.064240,0.000010
621,3.141784,0.064242,0.000010
622,3.141788,0.064204,0.000010
623,3.141875,0.064236,0.000010
624,3.141763,0.064235,0.000010
625,3.141754,0.064046,0.000010
626,3.141732,0.064006,0.000010
627,3.141742,0.064073,0.000010
628,3.141758,0.063955,0.000010
629,3.141781,0.063926,0.000010
630,3.141740,0.063880,0.000010
631,3.141718,0.063782,0.000010
632,3.141722,0.063772,0.000010
633,3.141700,0.063751,0.000010
634,3.141710,0.063822,0.000010
635,3.141757,0.063889,0.000010
636,3.141767,0.063994,0.000010
637,3.141777,0.063955,0.000010
638,3.141787,0.063970,0.000011
639,3.141784,0.063873,0.000010
640,3.141794,0.063948,0.000011
641,3.141810,0.063905,0.000011
642,3.141738,0.063780,0.000011
643,3.141742,0.063762,0.000011
644,3.141745,0.063782,0.000011
645,3.141749,0.063868,0.000011
646,3.141833,0.063847,0.000011
647,3.141842,0.063856,0.000011
648,3.141877,0.063835,0.000011
649,3.141880,0.063850,0.000011
650,3.141914,0.063892,0.000011
651,3.141899,0.063660,0.000011
652,3.141902,0.063526,0.000011
653,3.141881,0.063414,0.000011
654,3.141884,0.063406,0.000011
655,3.141973,0.063335,0.000011
656,3.141933,0.063314,0.000011
657,3.141960,0.063391,0.000011
658,3.142012,0.063341,0.000011
659,3.142003,0.063100,0.000011
660,3.141988,0.063099,0.000011
661,3.141991,0.062982,0.000011
662,3.141994,0.062865,0.000011
663,3.142045,0.062791,0.000011
664,3.142066,0.062711,0.000011
665,3.142051,0.062616,0.000011
666,3.142036,0.062564,0.000011
667,3.142051,0.062363,0.000011
668,3.142066,0.062325,0.000011
669,3.142081,0.062283,0.000011
670,3.142173,0.062417,0.000011
671,3.142158,0.062341,0.000012
672,3.142244,0.062383,0.000011
673,3.142288,0.062294,0.000012
674,3.142309,0.062252,0.000012
675,3.142305,0.062207,0.000011
676,3.142331,0.062082,0.000012
677,3.142399,0.062061,0.000011
678,3.142407,0.062014,0.000012
679,3.142415,0.061926,0.000012
680,3.142400,0.061847,0.000012
681,3.142396,0.061768,0.000012
682,3.142387,0.061801,0.000011
683,3.142372,0.061728,0.000011
684,3.142327,0.061630,0.000012
685,3.142295,0.061608,0.000012
686,3.142315,0.061461,0.000012
687,3.142323,0.061570,0.000012
688,3.142279,0.061526,0.000012
689,3.142258,0.061472,0.000012
690,3.142214,0.061385,0.000012
691,3.142200,0.061460,0.000011
692,3.142260,0.061374,0.000011
693,3.142263,0.061407,0.000011
694,3.142259,0.061266,0.000011
695,3.142268,0.061117,0.000011
696,3.142264,0.061133,0.000012
697,3.142267,0.061056,0.000012
698,3.142264,0.060989,0.000011
699,3.142266,0.060936,0.000011
700,3.142297,0.060824,0.000011
701,3.142311,0.060752,0.000011
702,3.142302,0.060599,0.000011
703,3.142350,0.060555,0.000012
704,3.142330,0.060423,0.000011
705,3.142326,0.060454,0.000011
706,3.142306,0.060341,0.000012
707,3.142337,0.060225,0.000012
708,3.142339,0.060148,0.000012
709,3.142319,0.060083,0.000012
710,3.142349,0.060066,0.000012
711,3.142357,0.060037,0.000012
712,3.142354,0.059961,0.000012
713,3.142328,0.059973,0.000011
714,3.142370,0.059991,0.000012
715,3.142383,0.059878,0.000012
716,3.142374,0.059781,0.000012
717,3.142421,0.059618,0.000012
718,3.142435,0.059501,0.000012
719,3.142414,0.059407,0.000012
720,3.142400,0.059290,0.000012
721,3.142408,0.059145,0.000012
722,3.142410,0.059109,0.000012
723,3.142418,0.059130,0.000012
724,3.142431,0.058984,0.000012
725,3.142428,0.058959,0.000012
726,3.142402,0.059097,0.000012
727,3.142443,0.059101,0.000012
728,3.142434,0.059014,0.000012
729,3.142420,0.059140,0.000012
730,3.142395,0.058994,0.000012
731,3.142424,0.059088,0.000012
732,3.142437,0.059091,0.000012
733,3.142428,0.058973,0.000012
734,3.142425,0.058898,0.000012
735,3.142460,0.058827,0.000012
736,3.142467,0.058989,0.000012
737,3.142469,0.058996,0.000012
738,3.142499,0.059056,0.000012
739,3.142512,0.058956,0.000012
740,3.142503,0.058789,0.000012
741,3.142543,0.058894,0.000012
742,3.142550,0.058785,0.000012
743,3.142493,0.058677,0.000012
744,3.142484,0.058602,0.000012
745,3.142475,0.058665,0.000012
746,3.142461,0.058743,0.000012
747,3.142495,0.058659,0.000012
748,3.142481,0.058646,0.000012
749,3.142478,0.058557,0.000012
750,3.142571,0.058564,0.000012
751,3.142562,0.058369,0.000012
752,3.142590,0.058277,0.000013
753,3.142629,0.058272,0.000013
754,3.142668,0.058221,0.000013
755,3.142697,0.058226,0.000013
756,3.142958,0.058190,0.000013
757,3.142954,0.058147,0.000013
758,3.142945,0.058140,0.000013
759,3.142941,0.058116,0.000013
760,3.142932,0.057963,0.000013
761,3.142943,0.057918,0.000013
762,3.142961,0.057873,0.000013
763,3.142967,0.057810,0.000013
764,3.143047,0.057881,0.000013
765,3.143059,0.057787,0.000013
766,3.143060,0.057713,0.000013
767,3.143066,0.057656,0.000012
768,3.143052,0.057570,0.000012
769,3.143064,0.057566,0.000012
770,3.142992,0.057503,0.000013
771,3.142973,0.057445,0.000012
772,3.142974,0.057443,0.000013
773,3.142975,0.057284,0.000013
774,3.142997,0.057274,0.000012
775,3.142988,0.057169,0.000013
776,3.142948,0.057236,0.000013
777,3.142965,0.057144,0.000012
778,3.142987,0.057031,0.000013
779,3.142942,0.056978,0.000013
780,3.142933,0.056903,0.000013
781,3.142976,0.056903,0.000013
782,3.142967,0.056898,0.000013
783,3.142994,0.056991,0.000013
784,3.142969,0.056878,0.000013
785,3.142981,0.056855,0.000013
786,3.143008,0.056763,0.000013
787,3.143019,0.056886,0.000013
788,3.143015,0.056820,0.000013
789,3.142991,0.056768,0.000013
790,3.142997,0.056739,0.000013
791,3.143014,0.056594,0.000013
792,3.143005,0.056600,0.000013
793,3.143006,0.056574,0.000013
794,3.142982,0.056470,0.000021
795,3.142999,0.056442,0.000013
796,3.142995,0.056444,0.000013
797,3.142991,0.056482,0.000013
798,3.143013,0.056454,0.000013
799,3.143044,0.056456,0.000013
800,3.143045,0.056365,0.000013
801,3.143051,0.056279,0.000013
802,3.143037,0.056179,0.000013
803,3.143049,0.056233,0.000013
804,3.143065,0.056125,0.000013
805,3.143066,0.056102,0.000013
806,3.143052,0.056050,0.000013
807,3.143068,0.056063,0.000013
808,3.143064,0.056088,0.000013
809,3.143056,0.056075,0.000013
810,3.143057,0.056102,0.000013
811,3.143097,0.056046,0.000013
812,3.143128,0.055931,0.000013
813,3.143124,0.055931,0.000013
814,3.143125,0.055792,0.000013
815,3.143107,0.055718,0.000013
816,3.143093,0.055817,0.000013
817,3.143109,0.055790,0.000013
818,3.143090,0.055764,0.000013
819,3.143077,0.055667,0.000013
820,3.143078,0.055695,0.000013
821,3.143040,0.055632,0.000013
822,3.143041,0.055533,0.000013
823,3.143047,0.055538,0.000013
824,3.143029,0.055552,0.000013
825,3.143030,0.055434,0.000013
826,3.143022,0.055371,0.000013
827,3.143008,0.055244,0.000013
828,3.143019,0.055196,0.000013
829,3.143001,0.055084,0.000013
830,3.143031,0.054981,0.000013
831,3.143037,0.054997,0.000013
832,3.143005,0.054933,0.000013
833,3.142987,0.054942,0.000013
834,3.142959,0.054892,0.000013
835,3.142970,0.054913,0.000014
836,3.142943,0.054778,0.000013
837,3.142925,0.054691,0.000013
838,3.142940,0.054566,0.000014
839,3.142908,0.054522,0.000014
840,3.142905,0.054579,0.000013
841,3.142920,0.054455,0.000014
842,3.142907,0.054472,0.000014
843,3.142913,0.054494,0.000014
844,3.142948,0.054408,0.000014
845,3.142935,0.054390,0.000014
846,3.142931,0.054294,0.000014
847,3.142914,0.054338,0.000013
848,3.142906,0.054328,0.000014
849,3.143001,0.054396,0.000014
850,3.143016,0.054425,0.000014
851,3.143013,0.054384,0.000014
852,3.142991,0.054348,0.000014
853,3.142996,0.054294,0.000014
854,3.142988,0.054297,0.000014
855,3.142971,0.054357,0.000014
856,3.142972,0.054276,0.000014
857,3.142721,0.054250,0.000014
858,3.142718,0.054139,0.000014
859,3.142715,0.054221,0.000014
860,3.142740,0.054125,0.000014
861,3.142685,0.054099,0.000014
862,3.142659,0.054090,0.000014
863,3.142633,0.054095,0.000014
864,3.142657,0.054069,0.000014
865,3.142617,0.054114,0.000014
866,3.142605,0.054070,0.000014
867,3.142616,0.053949,0.000014
868,3.142618,0.053859,0.000014
869,3.142619,0.053831,0.000014
870,3.142589,0.053738,0.000014
871,3.142631,0.053665,0.000014
872,3.142633,0.053664,0.000014
873,3.142515,0.053693,0.000014
874,3.142485,0.053692,0.000014
875,3.142491,0.053593,0.000014
876,3.142461,0.053602,0.000014
877,3.142477,0.053574,0.000014
878,3.142501,0.053529,0.000014
879,3.142553,0.053514,0.000014
880,3.142550,0.053467,0.000014
881,3.142524,0.053477,0.000014
882,3.142535,0.053409,0.000014
883,3.142546,0.053380,0.000014
884,3.142538,0.053350,0.000015
885,3.142554,0.053238,0.000015
886,3.142546,0.053265,0.000015
887,3.142530,0.053164,0.000015
888,3.142559,0.053170,0.000015
889,3.142569,0.053175,0.000015
890,3.142701,0.053146,0.000014
891,3.142712,0.053052,0.000015
892,3.142722,0.052933,0.000015
893,3.142719,0.052910,0.000015
894,3.142761,0.052992,0.000015
895,3.142758,0.052968,0.000015
896,3.142804,0.052890,0.000015
897,3.142729,0.052912,0.000015
898,3.142739,0.052833,0.000014
899,3.142736,0.052817,0.000014
900,3.142707,0.052864,0.000014
901,3.142735,0.052857,0.000015
902,3.142736,0.052780,0.000015
903,3.142751,0.052805,0.000015
904,3.142761,0.052817,0.000015
905,3.142731,0.052789,0.000015
906,3.142746,0.052777,0.000015
907,3.142743,0.052734,0.000015
908,3.142714,0.052668,0.000015
909,3.142706,0.052618,0.000015
910,3.142708,0.052484,0.000015
911,3.142705,0.052439,0.000015
912,3.142741,0.052446,0.000015
913,3.142743,0.052440,0.000015
914,3.142744,0.052372,0.000015
915,3.142824,0.052390,0.000015
916,3.142847,0.052428,0.000015
917,3.142774,0.052385,0.000015
918,3.142824,0.052346,0.000015
919,3.142820,0.052230,0.000015
920,3.142830,0.052197,0.000015
921,3.142819,0.052108,0.000015
922,3.142824,0.052045,0.000015
923,3.142839,0.051982,0.000015
924,3.142870,0.052093,0.000015
925,3.142893,0.052048,0.000015
926,3.142911,0.052015,0.000015
927,3.142891,0.052000,0.000015
928,3.142897,0.051963,0.000015
929,3.142984,0.051897,0.000015
930,3.142963,0.051864,0.000015
931,3.142934,0.051817,0.000015
932,3.142940,0.051803,0.000015
933,3.142950,0.051711,0.000015
934,3.142955,0.051621,0.000015
935,3.142973,0.051609,0.000015
936,3.143009,0.051635,0.000015
937,3.143014,0.051670,0.000015
938,3.143028,0.051660,0.000015
939,3.142961,0.051589,0.000015
940,3.142957,0.051533,0.000015
941,3.143052,0.051480,0.000015
942,3.143117,0.051461,0.000015
943,3.143118,0.051454,0.000015
944,3.143136,0.051421,0.000016
945,3.143145,0.051395,0.000016
946,3.143142,0.051369,0.000016
947,3.143159,0.051381,0.000016
948,3.143173,0.051352,0.000016
949,3.143132,0.051358,0.000016
950,3.143120,0.051388,0.000016
951,3.143100,0.051372,0.000016
952,3.143109,0.051340,0.000016
953,3.143102,0.051393,0.000016
954,3.143111,0.051322,0.000016
955,3.143104,0.051336,0.000016
956,3.143038,0.051406,0.000016
957,3.143051,0.051330,0.000015
958,3.143031,0.051399,0.000015
959,3.143057,0.051387,0.000015
960,3.143071,0.051328,0.000016
961,3.143068,0.051385,0.000016
962,3.143073,0.051335,0.000016
963,3.143082,0.051325,0.000015
964,3.143091,0.051312,0.000016
965,3.143088,0.051248,0.000016
966,3.143006,0.051118,0.000016
967,3.143123,0.051119,0.000016
968,3.143095,0.051062,0.000015
969,3.143096,0.050954,0.000016
970,3.143085,0.050981,0.000016
971,3.143081,0.050944,0.000016
972,3.143198,0.050865,0.000016
973,3.143186,0.050737,0.000016
974,3.143170,0.050664,0.000016
975,3.143171,0.050667,0.000016
976,3.143164,0.050655,0.000016
977,3.143153,0.050638,0.000016
978,3.143153,0.050650,0.000016
979,3.143134,0.050680,0.000016
980,3.143135,0.050708,0.000016
981,3.143152,0.050711,0.000017
982,3.143136,0.050679,0.000016
983,3.143105,0.050717,0.000016
984,3.143102,0.050687,0.000016
985,3.143107,0.050664,0.000016
986,3.143120,0.050713,0.000017
987,3.143133,0.050764,0.000017
988,3.143130,0.050650,0.000016
989,3.143143,0.050621,0.000017
990,3.143139,0.050606,0.000016
991,3.143169,0.050607,0.000016
992,3.143190,0.050505,0.000016
993,3.143170,0.050508,0.000016
994,3.143171,0.050491,0.000017
995,3.143128,0.050506,0.000017
996,3.143141,0.050624,0.000017
997,3.143137,0.050585,0.000017
998,3.143134,0.050556,0.000017
999,3.143123,0.050555,0.000016
1000,3.143000,0.050495,0.000016
1001,3.142985,0.050441,0.000016
1002,3.142982,0.050424,0.000016
1003,3.142999,0.050443,0.000016
1004,3.142992,0.050331,0.000016
1005,3.142985,0.050235,0.000016
1006,3.142962,0.050224,0.000017
1007,3.142971,0.050095,0.000016
1008,3.142980,0.050071,0.000016
1009,3.142993,0.050040,0.000016
1010,3.142958,0.049950,0.000016
1011,3.142991,0.049995,0.000016
1012,3.142996,0.050133,0.000016
1013,3.142993,0.050053,0.000016
1014,3.142974,0.049982,0.000016
1015,3.142952,0.049952,0.000016
1016,3.142972,0.049961,0.000016
1017,3.142993,0.049961,0.000016
1018,3.142967,0.049960,0.000016
1019,3.142873,0.049943,0.000016
1020,3.142875,0.049984,0.000016
1021,3.142876,0.049941,0.000016
1022,3.142857,0.049842,0.000016
1023,3.142850,0.049761,0.000016
1024,3.142785,0.049691,0.000016
1025,3.142798,0.049717,0.000017
1026,3.142791,0.049676,0.000017
1027,3.142812,0.049637,0.000017
1028,3.142763,0.049667,0.000017
1029,3.142744,0.049651,0.000017
1030,3.142726,0.049644,0.000017
1031,3.143127,0.049548,0.000017
1032,3.143081,0.049503,0.000017
1033,3.143078,0.049434,0.000017
1034,3.143075,0.049399,0.000017
1035,3.143092,0.049348,0.000017
1036,3.143232,0.049341,0.000017
1037,3.143236,0.049340,0.000017
1038,3.143237,0.049316,0.000017
1039,3.143226,0.049325,0.000016
1040,3.143235,0.049324,0.000017
1041,3.143235,0.049395,0.000016
1042,3.143240,0.049350,0.000017
1043,3.143241,0.049347,0.000017
1044,3.143211,0.049297,0.000017
1045,3.143208,0.049227,0.000017
1046,3.143258,0.049167,0.000017
1047,3.143289,0.049110,0.000017
1048,3.143324,0.049086,0.000017
1049,3.143348,0.049104,0.000017
1050,3.143337,0.049037,0.000017
1051,3.143334,0.049084,0.000017
1052,3.143327,0.048959,0.000017
1053,3.143293,0.048964,0.000017
1054,3.143271,0.048955,0.000017
1055,3.143268,0.048955,0.000017
1056,3.143277,0.048976,0.000017
1057,3.143273,0.048823,0.000017
1058,3.143195,0.048823,0.000018
1059,3.143180,0.048808,0.000017
1060,3.143257,0.048767,0.000017
1061,3.143269,0.048640,0.000017
1062,3.143258,0.048554,0.000017
1063,3.143262,0.048582,0.000017
1064,3.143256,0.048561,0.000017
1065,3.143249,0.048559,0.000017
1066,3.143287,0.048522,0.000017
1067,3.143273,0.048499,0.000017
1068,3.143281,0.048511,0.000017
1069,3.143259,0.048461,0.000017
1070,3.143312,0.048401,0.000017
1071,3.143331,0.048349,0.000017
1072,3.143336,0.048387,0.000018
1073,3.143336,0.048442,0.000018
1074,3.143345,0.048426,0.000018
1075,3.143178,0.048422,0.000018
1076,3.143208,0.048332,0.000017
1077,3.143213,0.048336,0.000017
1078,3.143206,0.048310,0.000017
1079,3.143170,0.048318,0.000018
1080,3.143185,0.048211,0.000018
1081,3.143201,0.048111,0.000018
1082,3.143190,0.048050,0.000018
1083,3.143210,0.047996,0.000018
1084,3.143203,0.047928,0.000017
1085,3.143145,0.047852,0.000017
1086,3.143249,0.047823,0.000017
1087,3.143253,0.047808,0.000017
1088,3.143276,0.047827,0.000017
1089,3.143273,0.047765,0.000017
1090,3.143277,0.047696,0.000017
1091,3.143267,0.047792,0.000017
1092,3.143264,0.047767,0.000017
1093,3.143199,0.047836,0.000017
1094,3.143214,0.047823,0.000017
1095,3.143167,0.047793,0.000017
1096,3.143172,0.047774,0.000018
1097,3.143183,0.047776,0.000017
1098,3.143111,0.047717,0.000018
1099,3.143105,0.047649,0.000018
1100,3.143076,0.047674,0.000017
1101,3.143055,0.047690,0.000017
1102,3.143042,0.047738,0.000018
1103,3.143064,0.047647,0.000018
1104,3.143065,0.047595,0.000018
1105,3.143091,0.047458,0.000018
1106,3.143096,0.047445,0.000018
1107,3.143082,0.047469,0.000018
1108,3.143079,0.047478,0.000018
1109,3.143055,0.047447,0.000018
1110,3.143074,0.047439,0.000018
1111,3.143068,0.047406,0.000018
1112,3.143047,0.047403,0.000018
1113,3.143213,0.047433,0.000018
1114,3.143217,0.047344,0.000018
1115,3.143225,0.047377,0.000018
1116,3.143204,0.047381,0.000018
1117,3.143184,0.047290,0.000017
1118,3.143231,0.047223,0.000018
1119,3.143224,0.047229,0.000018
1120,3.143232,0.047281,0.000018
1121,3.143236,0.047309,0.000018
1122,3.143255,0.047244,0.000018
1123,3.143256,0.047289,0.000018
1124,3.143274,0.047229,0.000018
1125,3.143264,0.047218,0.000018
1126,3.143265,0.047251,0.000018
1127,3.143287,0.047185,0.000018
1128,3.143309,0.047184,0.000018
1129,3.143306,0.047146,0.000018
1130,3.143303,0.047181,0.000018
1131,3.143275,0.047162,0.000018
1132,3.143276,0.047139,0.000018
1133,3.143273,0.047192,0.000018
1134,3.143256,0.047161,0.000018
1135,3.143253,0.047081,0.000018
1136,3.143239,0.047093,0.000018
1137,3.143240,0.046998,0.000018
1138,3.143237,0.046993,0.000018
1139,3.143245,0.046891,0.000018
1140,3.143239,0.046873,0.000018
1141,3.143257,0.046869,0.000018
1142,3.143233,0.046922,0.000018
1143,3.143244,0.046908,0.000018
1144,3.143248,0.047022,0.000018
1145,3.143235,0.047021,0.000018
1146,3.143229,0.047007,0.000018
1147,3.143250,0.046951,0.000018
1148,3.143233,0.046855,0.000018
1149,3.143126,0.046849,0.000018
1150,3.143110,0.046856,0.000018
1151,3.143114,0.046885,0.000018
1152,3.143125,0.046894,0.000019
1153,3.143108,0.046896,0.000019
1154,3.143106,0.046859,0.000019
1155,3.143079,0.046850,0.000019
1156,3.143069,0.046776,0.000018
1157,3.143070,0.046738,0.000018
1158,3.143067,0.046748,0.000019
1159,3.143006,0.046697,0.000019
1160,3.142983,0.046722,0.000019
1161,3.142980,0.046671,0.000019
1162,3.142974,0.046634,0.000019
1163,3.142982,0.046615,0.000018
1164,3.142990,0.046610,0.000019
1165,3.142980,0.046603,0.000019
1166,3.142964,0.046628,0.000019
1167,3.142968,0.046644,0.000019
1168,3.142928,0.046608,0.000018
1169,3.142960,0.046524,0.000018
1170,3.142947,0.046455,0.000018
1171,3.142938,0.046496,0.000018
1172,3.142962,0.046508,0.000018
1173,3.142950,0.046509,0.000018
1174,3.142940,0.046441,0.000018
1175,3.142928,0.046359,0.000019
1176,3.142871,0.046353,0.000019
1177,3.142855,0.046289,0.000019
1178,3.142832,0.046294,0.000019
1179,3.142830,0.046290,0.000019
1180,3.142841,0.046298,0.000019
1181,3.142825,0.046341,0.000019
1182,3.142836,0.046365,0.000019
1183,3.142840,0.046363,0.000019
1184,3.142831,0.046342,0.000019
1185,3.142825,0.046217,0.000019
1186,3.142826,0.046146,0.000019
1187,3.142821,0.046139,0.000019
1188,3.142815,0.046125,0.000019
1189,3.142806,0.046097,0.000019
1190,3.142810,0.046105,0.000019
1191,3.142798,0.046052,0.000019
1192,3.142765,0.045993,0.000019
1193,3.142763,0.046054,0.000019
1194,3.142760,0.046076,0.000019
1195,3.142751,0.046033,0.000019
1196,3.142739,0.046059,0.000019
1197,3.142737,0.045973,0.000019
1198,3.142731,0.045942,0.000019
1199,3.142722,0.045904,0.000019
1200,3.142730,0.045846,0.000019
1201,3.142738,0.045823,0.000019
1202,3.142752,0.045852,0.000019
1203,3.142750,0.045867,0.000019
1204,3.142744,0.045856,0.000019
1205,3.142752,0.045846,0.000019
1206,3.142756,0.045781,0.000019
1207,3.142764,0.045781,0.000019
1208,3.142772,0.045737,0.000019
1209,3.142759,0.045746,0.000019
1210,3.142760,0.045682,0.000019
1211,3.142748,0.045637,0.000019
1212,3.142746,0.045566,0.000019
1213,3.142734,0.045552,0.000019
1214,3.142745,0.045535,0.000020
1215,3.142736,0.045545,0.000020
1216,3.142727,0.045592,0.000020
1217,3.142721,0.045582,0.000020
1218,3.142722,0.045514,0.000020
1219,3.142743,0.045475,0.000019
1220,3.142774,0.045443,0.000019
1221,3.142788,0.045405,0.000019
1222,3.142779,0.045400,0.000032
1223,3.142747,0.045365,0.000019
1224,3.142748,0.045350,0.000019
1225,3.142762,0.045296,0.000019
1226,3.142747,0.045296,0.000019
1227,3.142745,0.045217,0.000019
1228,3.142772,0.045241,0.000019
1229,3.142766,0.045261,0.000019
1230,3.142761,0.045265,0.000019
1231,3.142733,0.045263,0.000019
1232,3.142727,0.045190,0.000020
1233,3.142751,0.045162,0.000020
1234,3.142778,0.045185,0.000020
1235,3.142782,0.045172,0.000020
1236,3.142790,0.045149,0.000019
1237,3.142791,0.045166,0.000019
1238,3.142785,0.045122,0.000020
1239,3.142773,0.045103,0.000019
1240,3.142781,0.045105,0.000020
1241,3.142240,0.044995,0.000019
1242,3.142203,0.044979,0.000020
1243,3.142182,0.044959,0.000020
1244,3.142177,0.044930,0.000020
1245,3.142178,0.044919,0.000020
1246,3.142161,0.044878,0.000019
1247,3.142159,0.044846,0.000020
1248,3.142176,0.044767,0.000020
1249,3.142251,0.044698,0.000019
1250,3.142208,0.044751,0.000020
1251,3.142177,0.044788,0.000020
1252,3.142179,0.044762,0.000020
1253,3.142155,0.044783,0.000019
1254,3.142150,0.044800,0.000020
1255,3.142151,0.044900,0.000020
1256,3.142083,0.044885,0.000020
1257,3.142059,0.044833,0.000020
1258,3.142064,0.044813,0.000020
1259,3.142033,0.044795,0.000020
1260,3.142025,0.044900,0.000020
1261,3.142030,0.044872,0.000020
1262,3.142044,0.044870,0.000020
1263,3.142040,0.044846,0.000020
1264,3.142041,0.044761,0.000020
1265,3.142046,0.044725,0.000020
1266,3.142038,0.044733,0.000020
1267,3.142058,0.044676,0.000020
1268,3.142050,0.044671,0.000020
1269,3.142046,0.044601,0.000020
1270,3.142054,0.044662,0.000020
1271,3.142052,0.044688,0.000020
1272,3.142050,0.044641,0.000020
1273,3.142058,0.044646,0.000020
1274,3.142047,0.044614,0.000020
1275,3.142045,0.044626,0.000020
1276,3.142050,0.044556,0.000020
1277,3.142058,0.044516,0.000020
1278,3.142047,0.044416,0.000020
1279,3.142064,0.044432,0.000020
1280,3.142059,0.044428,0.000020
1281,3.142101,0.044369,0.000020
1282,3.142140,0.044395,0.000020
1283,3.142142,0.044375,0.000021
1284,3.142143,0.044354,0.000020
1285,3.142148,0.044301,0.000020
1286,3.142137,0.044289,0.000020
1287,3.142141,0.044260,0.000020
1288,3.142134,0.044282,0.000020
1289,3.142113,0.044266,0.000020
1290,3.142121,0.044319,0.000020
1291,3.142110,0.044291,0.000020
1292,3.142084,0.044221,0.000020
1293,3.142091,0.044266,0.000020
1294,3.142096,0.044272,0.000020
1295,3.142076,0.044247,0.000020
1296,3.142068,0.044204,0.000020
1297,3.142063,0.044167,0.000020
1298,3.142083,0.044141,0.000020
1299,3.142085,0.044146,0.000020
1300,3.142089,0.044126,0.000020
1301,3.141863,0.044090,0.000020
1302,3.141853,0.044067,0.000020
1303,3.141814,0.043976,0.000020
1304,3.141822,0.043887,0.000020
1305,3.141873,0.043864,0.000020
1306,3.141868,0.043803,0.000020
1307,3.141873,0.043826,0.000021
1308,3.141859,0.043828,0.000020
1309,3.141870,0.043851,0.000021
1310,3.141866,0.043798,0.000021
1311,3.141870,0.043844,0.000021
1312,3.141866,0.043759,0.000021
1313,3.141874,0.043706,0.000020
1314,3.141851,0.043771,0.000021
1315,3.141862,0.043800,0.000020
1316,3.141851,0.043779,0.000021
1317,3.141834,0.043725,0.000021
1318,3.141833,0.043680,0.000021
1319,3.141813,0.043680,0.000021
1320,3.141815,0.043664,0.000021
1321,3.141814,0.043661,0.000021
1322,3.141812,0.043656,0.000021
1323,3.141823,0.043657,0.000021
1324,3.141840,0.043591,0.000021
1325,3.141823,0.043526,0.000021
1326,3.141816,0.043548,0.000021
1327,3.141803,0.043506,0.000021
1328,3.141807,0.043533,0.000021
1329,3.141794,0.043551,0.000021
1330,3.141823,0.043522,0.000021
1331,3.141824,0.043463,0.000021
1332,3.141847,0.043498,0.000021
1333,3.141848,0.043462,0.000021
1334,3.141817,0.043441,0.000021
1335,3.141816,0.043433,0.000021
1336,3.141799,0.043368,0.000021
1337,3.141789,0.043353,0.000021
1338,3.141800,0.043347,0.000021
1339,3.141792,0.043289,0.000021
1340,3.141806,0.043272,0.000021
1341,3.141811,0.043298,0.000021
1342,3.141827,0.043307,0.000021
1343,3.141826,0.043325,0.000021
1344,3.141821,0.043325,0.000021
1345,3.141820,0.043305,0.000021
1346,3.141819,0.043299,0.000021
1347,3.141826,0.043241,0.000021
1348,3.141864,0.043210,0.000021
1349,3.141853,0.043162,0.000021
1350,3.141873,0.043133,0.000021
1351,3.141859,0.043155,0.000021
1352,3.141864,0.043212,0.000022
1353,3.141874,0.043131,0.000021
1354,3.141888,0.043174,0.000022
1355,3.141883,0.043170,0.000021
1356,3.141891,0.043178,0.000021
1357,3.141898,0.043116,0.000021
1358,3.141894,0.043099,0.000021
1359,3.141919,0.043133,0.000021
1360,3.141915,0.043114,0.000021
1361,3.141919,0.043118,0.000021
1362,3.141921,0.043065,0.000021
1363,3.141913,0.043094,0.000022
1364,3.141906,0.043112,0.000021
1365,3.141911,0.043075,0.000021
1366,3.141924,0.043030,0.000021
1367,3.141928,0.043034,0.000022
1368,3.141930,0.043020,0.000022
1369,3.141934,0.043031,0.000022
1370,3.141936,0.042972,0.000022
1371,3.141987,0.042981,0.000022
1372,3.142003,0.042898,0.000022
1373,3.142007,0.042966,0.000022
1374,3.142000,0.042992,0.000022
1375,3.141987,0.042953,0.000022
1376,3.141968,0.043019,0.000021
1377,3.141964,0.042996,0.000022
1378,3.141968,0.043066,0.000022
1379,3.141978,0.042986,0.000022
1380,3.141988,0.042927,0.000022
1381,3.142007,0.042974,0.000022
1382,3.141928,0.042976,0.000022
1383,3.141920,0.042954,0.000022
1384,3.141922,0.042930,0.000022
1385,3.141918,0.042905,0.000022
1386,3.141934,0.042897,0.000022
1387,3.141918,0.042834,0.000022
1388,3.141905,0.042810,0.000022
1389,3.141912,0.042727,0.000022
1390,3.141891,0.042722,0.000022
1391,3.141904,0.042745,0.000022
1392,3.141822,0.042752,0.000022
1393,3.141829,0.042689,0.000022
1394,3.141819,0.042651,0.000022
1395,3.141827,0.042572,0.000022
1396,3.141819,0.042551,0.000022
1397,3.141804,0.042503,0.000022
1398,3.141794,0.042482,0.000022
1399,3.141781,0.042463,0.000022
1400,3.141789,0.042481,0.000022
1401,3.141802,0.042446,0.000022
1402,3.141797,0.042417,0.000022
1403,3.141799,0.042388,0.000022
1404,3.141795,0.042439,0.000023
1405,3.141762,0.042441,0.000023
1406,3.141789,0.042441,0.000023
1407,3.141780,0.042413,0.000023
1408,3.141770,0.042430,0.000023
1409,3.141760,0.042429,0.000023
1410,3.141765,0.042367,0.000023
1411,3.141732,0.042339,0.000024
1412,3.141734,0.042358,0.000023
1413,3.141735,0.042380,0.000023
1414,3.141737,0.042285,0.000022
1415,3.141739,0.042316,0.000023
1416,3.141734,0.042289,0.000022
1417,3.141736,0.042295,0.000023
1418,3.141740,0.042235,0.000022
1419,3.141711,0.042225,0.000023
1420,3.141727,0.042280,0.000038
1421,3.141745,0.042260,0.000022
1422,3.141727,0.042239,0.000022
1423,3.141726,0.042301,0.000023
1424,3.141728,0.042289,0.000022
1425,3.141698,0.042287,0.000022
1426,3.141697,0.042252,0.000022
1427,3.141693,0.042263,0.000022
1428,3.141697,0.042254,0.000038
1429,3.141688,0.042203,0.000022
1430,3.141701,0.042192,0.000022
1431,3.141711,0.042225,0.000022
1432,3.141606,0.042216,0.000022
1433,3.141616,0.042162,0.000022
1434,3.141612,0.042134,0.000023
1435,3.141642,0.042096,0.000022
1436,3.141649,0.042090,0.000023
1437,3.141642,0.042113,0.000023
1438,3.141630,0.042175,0.000023
1439,3.141629,0.042142,0.000023
1440,3.141631,0.042131,0.000023
1441,3.141638,0.042098,0.000023
1442,3.141612,0.042086,0.000023
1443,3.141597,0.042061,0.000023
1444,3.141604,0.042074,0.000023
1445,3.141619,0.042077,0.000023
1446,3.141546,0.042057,0.000023
1447,3.141545,0.042049,0.000022
1448,3.141575,0.042032,0.000023
1449,3.141554,0.041988,0.000023
1450,3.141550,0.041964,0.000023
1451,3.141541,0.041928,0.000023
1452,3.141752,0.041920,0.000023
1453,3.141740,0.041877,0.000023
1454,3.141755,0.041877,0.000023
1455,3.141737,0.041900,0.000023
1456,3.141731,0.041906,0.000023
1457,3.141732,0.041875,0.000023
1458,3.141770,0.041868,0.000023
1459,3.141755,0.041877,0.000023
1460,3.141759,0.041817,0.000023
1461,3.141758,0.041772,0.000023
1462,3.141705,0.041763,0.000023
1463,3.141681,0.041783,0.000023
1464,3.141699,0.041772,0.000023
1465,3.141728,0.041778,0.000023
1466,3.141724,0.041756,0.000023
1467,3.141734,0.041690,0.000023
1468,3.141738,0.041609,0.000023
1469,3.141737,0.041586,0.000023
1470,3.141739,0.041587,0.000023
1471,3.141762,0.041602,0.000023
1472,3.141753,0.041520,0.000023
1473,3.141752,0.041493,0.000023
1474,3.141742,0.041468,0.000023
1475,3.141755,0.041387,0.000023
1476,3.141759,0.041376,0.000023
1477,3.141768,0.041326,0.000023
1478,3.141770,0.041326,0.000023
1479,3.141771,0.041318,0.000023
1480,3.141749,0.041316,0.000023
1481,3.141745,0.041262,0.000024
1482,3.141660,0.041296,0.000023
1483,3.141651,0.041350,0.000023
1484,3.141639,0.041296,0.000023
1485,3.141673,0.041257,0.000023
1486,3.141685,0.041281,0.000023
1487,3.141670,0.041262,0.000023
1488,3.141707,0.041265,0.000023
1489,3.141692,0.041211,0.000023
1490,3.141694,0.041227,0.000023
1491,3.141698,0.041190,0.000024
1492,3.141692,0.041247,0.000024
1493,3.141696,0.041199,0.000023
1494,3.141604,0.041244,0.000024
1495,3.141597,0.041222,0.000024
1496,3.141594,0.041246,0.000025
1497,3.141585,0.041233,0.000024
1498,3.141447,0.041152,0.000025
1499,3.141457,0.041109,0.000024
1500,3.141464,0.041092,0.000024
1501,3.141463,0.041100,0.000041
1502,3.141454,0.041060,0.000025
1503,3.141453,0.041060,0.000024
1504,3.141460,0.041062,0.000024
1505,3.141456,0.041070,0.000024
1506,3.141456,0.041055,0.000024
1507,3.141457,0.041019,0.000024
1508,3.141467,0.041030,0.000024
1509,3.141421,0.041042,0.000023
1510,3.141433,0.040995,0.000024
1511,3.141456,0.040970,0.000024
1512,3.141452,0.040941,0.000024
1513,3.141470,0.040918,0.000024
1514,3.141480,0.040977,0.000024
1515,3.141489,0.040990,0.000024
1516,3.141485,0.040951,0.000024
1517,3.141545,0.040957,0.000023
1518,3.141539,0.040943,0.000024
1519,3.141548,0.040890,0.000024
1520,3.141553,0.040907,0.000024
1521,3.141567,0.040893,0.000024
1522,3.141574,0.040866,0.000024
1523,3.141581,0.040863,0.000024
1524,3.141604,0.040899,0.000024
1525,3.141605,0.040876,0.000025
1526,3.141607,0.040924,0.000024
1527,3.141614,0.040902,0.000024
1528,3.141599,0.040887,0.000024
1529,3.141604,0.040881,0.000024
1530,3.141610,0.040884,0.000025
1531,3.141609,0.040833,0.000025
1532,3.141608,0.040796,0.000025
1533,3.141610,0.040797,0.000025
1534,3.141622,0.040715,0.000025
1535,3.141618,0.040681,0.000025
1536,3.141620,0.040647,0.000024
1537,3.141619,0.040639,0.000024
1538,3.141623,0.040597,0.000024
1539,3.141609,0.040582,0.000024
1540,3.141608,0.040602,0.000024
1541,3.141607,0.040543,0.000025
1542,3.141611,0.040571,0.000025
1543,3.141623,0.040543,0.000041
1544,3.141627,0.040546,0.000024
1545,3.141683,0.040515,0.000025
1546,3.141594,0.040528,0.000025
1547,3.141595,0.040546,0.000025
1548,3.141602,0.040503,0.000025
1549,3.141611,0.040503,0.000024
1550,3.141608,0.040491,0.000024
1551,3.141607,0.040479,0.000024
1552,3.141621,0.040435,0.000024
1553,3.141610,0.040459,0.000024
1554,3.141616,0.040470,0.000024
1555,3.141644,0.040447,0.000024
1556,3.141656,0.040390,0.000024
1557,3.141675,0.040337,0.000024
1558,3.141671,0.040306,0.000024
1559,3.141691,0.040309,0.000025
1560,3.141692,0.040276,0.000025
1561,3.141676,0.040231,0.000025
1562,3.141672,0.040235,0.000025
1563,3.141669,0.040189,0.000024
1564,3.141647,0.040168,0.000024
1565,3.141633,0.040199,0.000024
1566,3.141612,0.040223,0.000024
1567,3.141652,0.040223,0.000025
1568,3.141661,0.040185,0.000024
1569,3.141667,0.040157,0.000024
1570,3.141674,0.040127,0.000024
1571,3.141670,0.040119,0.000024
1572,3.141659,0.040138,0.000024
1573,3.141671,0.040099,0.000024
1574,3.141677,0.040099,0.000024
1575,3.141671,0.040057,0.000024
1576,3.141678,0.040032,0.000024
1577,3.141712,0.040044,0.000024
1578,3.141714,0.040012,0.000024
1579,3.141705,0.040010,0.000024
1580,3.141706,0.040015,0.000024
1581,3.141703,0.040022,0.000024
1582,3.141707,0.040065,0.000025
1583,3.141711,0.039976,0.000025
1584,3.141697,0.040016,0.000025
1585,3.141716,0.039982,0.000025
1586,3.141738,0.039983,0.000025
1587,3.141742,0.039987,0.000024
1588,3.141748,0.039968,0.000024
1589,3.141755,0.039954,0.000024
1590,3.141743,0.039935,0.000024
1591,3.141750,0.039966,0.000024
1592,3.141751,0.039979,0.000024
1593,3.141765,0.039968,0.000025
1594,3.141774,0.039951,0.000024
1595,3.141773,0.039897,0.000025
1596,3.141772,0.039922,0.000024
1597,3.141726,0.039866,0.000025
1598,3.141720,0.039852,0.000025
1599,3.141711,0.039814,0.000025
1600,3.141698,0.039772,0.000025
1601,3.141704,0.039787,0.000025
1602,3.141685,0.039855,0.000025
1603,3.141699,0.039830,0.000025
1604,3.141721,0.039808,0.000025
1605,3.141727,0.039807,0.000025
1606,3.141738,0.039854,0.000025
1607,3.141747,0.039828,0.000025
1608,3.142261,0.039812,0.000025
1609,3.142252,0.039804,0.000025
1610,3.142256,0.039800,0.000025
1611,3.142245,0.039814,0.000025
1612,3.142303,0.039847,0.000025
1613,3.142304,0.039842,0.000025
1614,3.142320,0.039837,0.000025
1615,3.142363,0.039803,0.000025
1616,3.142371,0.039801,0.000025
1617,3.142353,0.039788,0.000025
1618,3.142354,0.039782,0.000025
1619,3.142362,0.039769,0.000025
1620,3.142375,0.039810,0.000025
1621,3.142364,0.039765,0.000025
1622,3.142360,0.039765,0.000025
1623,3.142359,0.039736,0.000025
1624,3.142352,0.039765,0.000025
1625,3.142370,0.039801,0.000025
1626,3.142364,0.039825,0.000025
1627,3.142353,0.039844,0.000025
1628,3.142351,0.039790,0.000025
1629,3.142360,0.039773,0.000025
1630,3.142373,0.039782,0.000025
1631,3.142357,0.039829,0.000025
1632,3.142355,0.039839,0.000025
1633,3.142366,0.039855,0.000025
1634,3.142375,0.039870,0.000025
1635,3.142366,0.039932,0.000025
1636,3.142372,0.039906,0.000025
1637,3.142370,0.039896,0.000025
1638,3.142374,0.039922,0.000025
1639,3.142379,0.039938,0.000025
1640,3.142378,0.039895,0.000025
1641,3.142372,0.039895,0.000025
1642,3.142373,0.039930,0.000025
1643,3.142374,0.039898,0.000025
1644,3.142401,0.039855,0.000025
1645,3.142393,0.039847,0.000025
1646,3.142384,0.039873,0.000025
1647,3.142397,0.039874,0.000025
1648,3.142400,0.039877,0.000025
1649,3.142392,0.039899,0.000025
1650,3.142405,0.039880,0.000025
1651,3.142403,0.039874,0.000025
1652,3.142397,0.039905,0.000025
1653,3.142376,0.039916,0.000025
1654,3.142363,0.039899,0.000025
1655,3.142359,0.039896,0.000025
1656,3.142442,0.039900,0.000026
1657,3.142450,0.039851,0.000026
1658,3.142444,0.039882,0.000026
1659,3.142442,0.039869,0.000026
1660,3.142443,0.039904,0.000026
1661,3.142444,0.039836,0.000026
1662,3.142438,0.039760,0.000026
1663,3.142437,0.039734,0.000026
1664,3.142440,0.039743,0.000026
1665,3.142448,0.039734,0.000026
1666,3.142459,0.039746,0.000026
1667,3.142493,0.039742,0.000026
1668,3.142489,0.039706,0.000026
1669,3.142490,0.039687,0.000026
1670,3.142489,0.039736,0.000026
1671,3.142487,0.039716,0.000043
1672,3.142488,0.039723,0.000026
1673,3.142489,0.039731,0.000026
1674,3.142487,0.039724,0.000026
1675,3.142488,0.039695,0.000026
1676,3.142496,0.039652,0.000026
1677,3.142500,0.039663,0.000026
1678,3.142508,0.039630,0.000026
1679,3.142511,0.039616,0.000026
1680,3.142519,0.039587,0.000026
1681,3.142510,0.039584,0.000026
1682,3.142485,0.039581,0.000026
1683,3.142486,0.039550,0.000026
1684,3.142482,0.039542,0.000026
1685,3.142485,0.039524,0.000026
1686,3.142484,0.039532,0.000026
1687,3.142452,0.039503,0.000026
1688,3.142455,0.039516,0.000026
1689,3.142468,0.039508,0.000026
1690,3.142478,0.039555,0.000026
1691,3.142474,0.039571,0.000026
1692,3.142468,0.039553,0.000026
1693,3.142462,0.039539,0.000026
1694,3.142444,0.039542,0.000026
1695,3.142452,0.039539,0.000026
1696,3.142448,0.039510,0.000026
1697,3.142440,0.039547,0.000026
1698,3.142426,0.039561,0.000026
1699,3.142479,0.039635,0.000026
1700,3.142492,0.039657,0.000026
1701,3.142490,0.039606,0.000026
1702,3.142482,0.039597,0.000026
1703,3.142471,0.039596,0.000026
1704,3.142467,0.039621,0.000026
1705,3.142484,0.039638,0.000026
1706,3.142462,0.039603,0.000026
1707,3.142458,0.039541,0.000026
1708,3.142468,0.039541,0.000026
1709,3.142465,0.039524,0.000027
1710,3.142449,0.039552,0.000027
1711,3.142457,0.039545,0.000026
1712,3.142467,0.039523,0.000026
1713,3.142464,0.039536,0.000026
1714,3.142471,0.039543,0.000026
1715,3.142468,0.039572,0.000026
1716,3.142476,0.039552,0.000026
1717,3.142514,0.039575,0.000027
1718,3.142531,0.039568,0.000026
1719,3.142546,0.039566,0.000027
1720,3.142572,0.039559,0.000027
1721,3.142580,0.039592,0.000026
1722,3.142585,0.039627,0.000027
1723,3.142589,0.039604,0.000027
1724,3.142578,0.039658,0.000026
1725,3.142572,0.039607,0.000027
1726,3.142572,0.039571,0.000026
1727,3.142580,0.039571,0.000027
1728,3.142581,0.039548,0.000027
1729,3.142575,0.039521,0.000026
1730,3.142590,0.039509,0.000027
1731,3.142586,0.039474,0.000028
1732,3.142723,0.039480,0.000028
1733,3.142728,0.039528,0.000028
1734,3.142727,0.039503,0.000028
1735,3.142718,0.039491,0.000028
1736,3.142719,0.039458,0.000028
1737,3.142713,0.039478,0.000027
1738,3.142697,0.039454,0.000027
1739,3.142703,0.039440,0.000026
1740,3.142710,0.039449,0.000027
1741,3.142700,0.039443,0.000027
1742,3.142723,0.039424,0.000027
1743,3.142724,0.039403,0.000027
1744,3.142706,0.039391,0.000027
1745,3.142705,0.039359,0.000027
1746,3.142708,0.039334,0.000027
1747,3.142729,0.039309,0.000027
1748,3.142716,0.039305,0.000027
1749,3.142703,0.039286,0.000027
1750,3.142693,0.039204,0.000027
1751,3.142693,0.039192,0.000027
1752,3.142699,0.039134,0.000027
1753,3.142779,0.039122,0.000027
1754,3.142741,0.039036,0.000027
1755,3.142701,0.039030,0.000027
1756,3.142708,0.038993,0.000027
1757,3.142711,0.038964,0.000027
1758,3.142714,0.038968,0.000027
1759,3.142720,0.038906,0.000027
1760,3.142716,0.038900,0.000027
1761,3.142728,0.038916,0.000027
1762,3.142717,0.038933,0.000027
1763,3.142714,0.038922,0.000027
1764,3.142712,0.038902,0.000027
1765,3.142722,0.038894,0.000027
1766,3.142734,0.038940,0.000027
1767,3.142685,0.038919,0.000027
1768,3.142697,0.038921,0.000027
1769,3.142666,0.038842,0.000027
1770,3.142655,0.038808,0.000027
1771,3.142658,0.038790,0.000027
1772,3.142655,0.038727,0.000027
1773,3.142662,0.038680,0.000027
1774,3.142663,0.038672,0.000027
1775,3.142655,0.038648,0.000027
1776,3.142658,0.038620,0.000027
1777,3.142661,0.038624,0.000027
1778,3.142655,0.038647,0.000027
1779,3.142635,0.038659,0.000027
1780,3.142667,0.038675,0.000027
1781,3.142677,0.038653,0.000028
1782,3.142676,0.038634,0.000027
1783,3.142663,0.038562,0.000028
1784,3.142661,0.038543,0.000027
1785,3.142664,0.038516,0.000028
1786,3.142638,0.038502,0.000027
1787,3.142644,0.038443,0.000028
1788,3.142638,0.038421,0.000028
1789,3.142623,0.038358,0.000027
1790,3.142626,0.038291,0.000028
1791,3.142635,0.038315,0.000028
1792,3.142627,0.038310,0.000027
1793,3.142626,0.038342,0.000028
1794,3.142624,0.038331,0.000028
1795,3.142634,0.038296,0.000028
1796,3.142626,0.038249,0.000028
1797,3.142627,0.038193,0.000028
1798,3.142634,0.038173,0.000029
1799,3.142628,0.038118,0.000029
1800,3.142620,0.038094,0.000029
1801,3.142625,0.038095,0.000028
1802,3.142626,0.038105,0.000028
1803,3.142627,0.038122,0.000028
1804,3.142634,0.038054,0.000028
1805,3.142617,0.038085,0.000028
1806,3.142622,0.038034,0.000028
1807,3.142608,0.038085,0.000028
1808,3.142604,0.038091,0.000028
1809,3.142609,0.038091,0.000028
1810,3.142606,0.038106,0.000028
1811,3.142609,0.038037,0.000028
1812,3.142609,0.038015,0.000028
1813,3.142608,0.038011,0.000028
1814,3.142615,0.037983,0.000028
1815,3.142625,0.037979,0.000028
1816,3.142593,0.037980,0.000028
1817,3.142589,0.037920,0.000028
1818,3.142587,0.037906,0.000028
1819,3.142584,0.037865,0.000028
1820,3.142589,0.037807,0.000028
1821,3.142592,0.037820,0.000028
1822,3.142588,0.037816,0.000028
1823,3.142576,0.037848,0.000028
1824,3.142575,0.037831,0.000028
1825,3.142582,0.037816,0.000028
1826,3.142578,0.037843,0.000028
1827,3.142577,0.037831,0.000028
1828,3.142567,0.037789,0.000028
1829,3.142565,0.037751,0.000028
1830,3.142562,0.037750,0.000028
1831,3.142560,0.037736,0.000028
1832,3.142557,0.037755,0.000028
1833,3.142560,0.037740,0.000028
1834,3.142550,0.037740,0.000028
1835,3.142544,0.037692,0.000028
1836,3.142542,0.037707,0.000028
1837,3.142550,0.037731,0.000028
1838,3.142568,0.037716,0.000028
1839,3.142667,0.037712,0.000028
1840,3.142663,0.037678,0.000028
1841,3.142675,0.037635,0.000028
1842,3.142688,0.037621,0.000028
1843,3.142815,0.037637,0.000029
1844,3.142861,0.037628,0.000028
1845,3.142862,0.037588,0.000028
1846,3.142860,0.037601,0.000028
1847,3.142854,0.037574,0.000028
1848,3.142848,0.037563,0.000028
1849,3.142849,0.037544,0.000028
1850,3.142839,0.037531,0.000028
1851,3.142822,0.037502,0.000028
1852,3.142803,0.037453,0.000028
1853,3.142793,0.037458,0.000028
1854,3.142764,0.037473,0.000028
1855,3.142734,0.037479,0.000028
1856,3.142733,0.037451,0.000028
1857,3.142744,0.037457,0.000029
1858,3.142689,0.037431,0.000029
1859,3.142683,0.037411,0.000030
1860,3.142669,0.037440,0.000030
1861,3.142680,0.037353,0.000029
1862,3.142687,0.037316,0.000029
1863,3.142688,0.037353,0.000029
1864,3.142702,0.037345,0.000029
1865,3.142705,0.037307,0.000028
1866,3.142699,0.037296,0.000029
1867,3.142702,0.037287,0.000029
1868,3.142749,0.037305,0.000029
1869,3.142750,0.037314,0.000028
1870,3.142738,0.037281,0.000029
1871,3.142734,0.037260,0.000029
1872,3.142729,0.037288,0.000029
1873,3.142731,0.037226,0.000029
1874,3.142715,0.037228,0.000029
1875,3.142722,0.037199,0.000029
1876,3.142729,0.037160,0.000029
1877,3.142719,0.037122,0.000029
1878,3.142718,0.037112,0.000029
1879,3.142721,0.037083,0.000029
1880,3.142723,0.037068,0.000029
1881,3.142718,0.037030,0.000049
1882,3.142712,0.037021,0.000029
1883,3.142723,0.037009,0.000029
1884,3.142709,0.036970,0.000029
1885,3.142716,0.036939,0.000029
1886,3.142713,0.036932,0.000029
1887,3.142718,0.036898,0.000029
1888,3.142710,0.036859,0.000029
1889,3.142704,0.036856,0.000029
1890,3.142694,0.036828,0.000029
1891,3.142689,0.036830,0.000029
1892,3.142691,0.036837,0.000029
1893,3.142694,0.036813,0.000029
1894,3.142697,0.036836,0.000029
1895,3.142696,0.036827,0.000029
1896,3.142686,0.036850,0.000029
1897,3.142688,0.036813,0.000029
1898,3.142687,0.036838,0.000029
1899,3.142665,0.036826,0.000029
1900,3.142701,0.036813,0.000029
1901,3.142695,0.036818,0.000029
1902,3.142694,0.036793,0.000049
1903,3.142703,0.036816,0.000029
1904,3.142672,0.036787,0.000029
1905,3.142686,0.036787,0.000029
1906,3.142690,0.036777,0.000029
1907,3.142664,0.036755,0.000029
1908,3.142660,0.036785,0.000030
1909,3.142642,0.036753,0.000031
1910,3.142645,0.036696,0.000031
1911,3.142639,0.036678,0.000030
1912,3.142632,0.036693,0.000029
1913,3.142633,0.036703,0.000029
1914,3.142654,0.036718,0.000029
1915,3.142667,0.036706,0.000029
1916,3.142555,0.036675,0.000029
1917,3.142535,0.036699,0.000029
1918,3.142538,0.036691,0.000029
1919,3.142530,0.036679,0.000029
1920,3.142529,0.036720,0.000029
1921,3.142545,0.036722,0.000029
1922,3.142574,0.036703,0.000029
1923,3.142577,0.036729,0.000030
1924,3.142582,0.036748,0.000029
1925,3.142585,0.036763,0.000030
1926,3.142577,0.036767,0.000029
1927,3.142541,0.036769,0.000030
1928,3.142539,0.036785,0.000029
1929,3.142540,0.036802,0.000030
1930,3.142528,0.036782,0.000029
1931,3.142523,0.036775,0.000030
1932,3.142547,0.036773,0.000030
1933,3.142539,0.036736,0.000030
1934,3.142536,0.036725,0.000030
1935,3.142528,0.036760,0.000030
1936,3.142529,0.036770,0.000030
1937,3.142517,0.036779,0.000030
1938,3.142584,0.036804,0.000030
1939,3.142597,0.036815,0.000030
1940,3.142598,0.036803,0.000030
1941,3.142609,0.036794,0.000030
1942,3.142597,0.036774,0.000030
1943,3.142596,0.036723,0.000030
1944,3.142603,0.036722,0.000030
1945,3.142606,0.036700,0.000030
1946,3.142606,0.036672,0.000030
1947,3.142613,0.036659,0.000030
1948,3.142622,0.036633,0.000030
1949,3.142621,0.036594,0.000030
1950,3.142607,0.036607,0.000030
1951,3.142610,0.036589,0.000030
1952,3.142607,0.036611,0.000030
1953,3.142509,0.036606,0.000030
1954,3.142516,0.036589,0.000030
1955,3.142517,0.036522,0.000030
1956,3.142530,0.036507,0.000030
1957,3.142494,0.036488,0.000030
1958,3.142492,0.036445,0.000030
1959,3.142501,0.036475,0.000030
1960,3.142504,0.036444,0.000030
1961,3.142501,0.036476,0.000031
1962,3.142495,0.036468,0.000031
1963,3.142498,0.036492,0.000031
1964,3.142501,0.036516,0.000031
1965,3.142483,0.036481,0.000030
1966,3.142486,0.036468,0.000030
1967,3.142491,0.036419,0.000030
1968,3.142478,0.036376,0.000030
1969,3.142478,0.036354,0.000030
1970,3.142477,0.036358,0.000030
1971,3.142474,0.036314,0.000030
1972,3.142452,0.036274,0.000030
1973,3.142427,0.036260,0.000030
1974,3.142430,0.036225,0.000031
1975,3.142424,0.036249,0.000030
1976,3.142423,0.036175,0.000030
1977,3.142414,0.036166,0.000030
1978,3.142411,0.036142,0.000030
1979,3.142419,0.036116,0.000030
1980,3.142416,0.036131,0.000030
1981,3.142415,0.036099,0.000030
1982,3.142422,0.036126,0.000030
1983,3.142419,0.036071,0.000030
1984,3.142423,0.036082,0.000030
1985,3.142414,0.036069,0.000030
1986,3.142409,0.036069,0.000030
1987,3.142301,0.036073,0.000030
1988,3.142310,0.036063,0.000030
1989,3.142309,0.036067,0.000030
1990,3.142295,0.036076,0.000030
1991,3.142296,0.036044,0.000031
1992,3.142295,0.036045,0.000031
1993,3.142282,0.036051,0.000031
1994,3.142289,0.036000,0.000030
1995,3.142298,0.036032,0.000031
1996,3.142291,0.036025,0.000031
1997,3.142285,0.036037,0.000031
1998,3.142260,0.036007,0.000031
1999,3.142263,0.035981,0.000031
2000,3.142264,0.035976,0.000031
